doc/论文图与数据/探测数据/413/660m/cq.grd
DSAA
101 11
0.000000 69.750000
-3.487500 3.487500
40.530888 164.543137

  108.78629   109.44140   109.96581   109.75091   100.77512   100.15238    99.32484    99.02563 
   99.88801   100.19603   100.35866   100.36864   100.20440   100.09837    99.27988    98.11812 
   98.00191    98.86310    99.88977   101.04565   101.80496   100.44528    99.08253    99.57599 
  100.20178    99.64203    98.57985    99.01791   100.77431   101.54324   100.44920    99.67081 
  100.83543   102.04504   100.99166    99.89485    98.47230    97.02766   108.99516   128.10854 
  127.11444   105.04766    97.14783   118.64919   132.33041   105.61095    78.81959    82.12338 
   85.42744    86.32252    86.46851    68.61923    43.33237    46.99717    75.03105    92.10827 
   92.14015    95.07806   107.01910   117.01561   100.41994    83.82246    91.99268   102.61721 
  107.93044   111.46957   114.60965   117.61961   116.80804   111.03014   106.67376   105.90416 
  104.26704    96.17833    88.08919    85.20784    82.53156    91.52925   103.20371   107.89528 
  109.00876   108.24590   105.52794    97.17421    78.29770    67.50585    90.30846   116.97863 
  124.40786   131.83736   117.31925   100.11614   104.18463   105.13049   100.29533    91.32501 
  105.81396   141.01825   162.95076   150.47501    99.92329   108.31916   109.01938   109.74199 
  109.85659   109.62819   100.42838    99.58445    98.74799    99.62701    99.90334   100.24648 
  100.42515   100.26452   100.15372    99.57576    98.39880    97.79867    98.66955    99.61710 
  100.78596   101.95708   100.72468    99.35020    99.47275   100.10211    99.80575    98.73826 
   98.75438   100.51914   101.68402   100.58614    99.54102   100.70868   101.87656   101.10631 
  100.00697    98.63361    97.18510   107.04747   126.20358   129.27611   107.16359    95.14247 
  116.68422   134.71521   107.94963    81.18096    81.88065    85.18855    86.25684    86.40498 
   70.77991    45.45309    44.67244    72.74809    92.17537    92.20507    94.14217   106.09916 
  118.05706   101.63464    85.01781    91.23132   101.86774   107.67380   111.21697   114.42616 
  117.43856   117.18631   111.40298   106.72407   105.95375   104.74149    96.64670    88.55164 
   85.36438    82.68610    90.87489   102.55738   107.84520   108.95918   108.38205   105.66260 
   98.14544    79.25792    66.35366    89.16900   111.98483   124.03487   131.46848   118.17039 
  100.95803   104.13580   105.08228   100.71426    91.73975   104.16325   139.38489   163.52382 
  151.04219    99.92329   105.42075   108.67196   109.42950   109.94195   109.70625   100.64500 
   99.78838    98.93070    99.42090   100.31553   100.15538   100.34263   100.31277   100.19798 
   99.80893    98.61968    97.63889    98.51752    99.39716   100.58199   101.76257   100.94376 
   99.55992    99.39201   100.02422    99.93369    98.86199    98.54849   100.31985   101.79386 
  100.69296    99.59184   100.60988   101.78003   101.19566   100.09433    98.75940    97.30784 
  105.52954   124.71907   130.96053   108.81230    93.58017   115.15349   136.57280   109.77139 
   82.96822    81.69177    85.00257    86.20559    86.35542    72.46286    47.10477    42.86186 
   70.97019    92.22784    92.25571    93.41338   105.38277   117.35275   102.58047    85.94855 
   90.63848   101.28420   107.47401   111.02032   114.28334   117.29766   117.48073   111.69321 
  106.76322   105.99235   105.11076    97.01124    88.91154    85.48621    82.80637    90.36559 
  102.05436   107.80627   108.92058   108.48799   105.76737    98.90124    80.00519    65.45713 
   88.28243   111.10799   123.74467   131.18146   118.83267   101.61310   104.09785   105.04472 
  101.04026    92.06232   102.87886   138.11360   163.96967   151.48354    99.92329   105.00622 
  108.41176   109.19766   109.98772   109.76344   109.52127    99.93497    99.06915    99.27195 
  100.17545   100.08804   100.28197   100.34808   100.23027    99.97718    98.77888    97.57980 
   98.40813    99.29290   100.43523   101.62270   101.10120    99.71059    99.33411    99.96835 
  100.02538    98.95067    98.40092   100.17705   101.87251   100.76943    99.66626   100.53920 
  101.71097   101.25958   100.15684    98.84941    97.39567   104.44363   123.65712   132.16542 
  109.99166    92.46286   114.05879   135.65543   111.07418    84.24603    81.55677    84.86969 
   86.16890    86.31992    73.66631    48.28578    41.56739    69.69896    92.26535    92.29198 
   92.89237   104.87070   116.84921   103.25658    86.61384    90.21476   100.86708   107.33121 
  110.87978   114.18125   117.19693   117.69120   111.90063   106.79121   106.01993   105.24865 
   97.27174    89.16874    85.57327    82.89232    90.00166   101.69492   107.77843   108.89300 
  108.56367   105.84222    99.44130    80.53918    64.81644    87.64882   110.48132   123.53732 
  130.97635   119.30591   102.08115   104.07070   105.01791   101.27315    92.29285   101.96116 
  137.20554   164.28818   151.79889    99.92329   104.74652   108.25197   109.05475   109.86072 
  109.79836   109.55320   100.02322    99.15257    99.18188   100.09081   100.04668   100.24483 
  100.36964   100.24993   100.07883    98.87499    97.67096    98.34216    99.23006   100.34671 
  101.53838   101.19605    99.80132    99.29927    99.93475   100.08053    99.00399    98.31219 
  100.09119   101.87024   100.81539    99.71098   100.49674   101.66949   101.29797   100.19437 
   98.90350    97.44843   103.79144   123.01930   132.88904   110.69989    91.79182   113.40134 
  135.01106   111.85638    85.01340    81.47572    84.78984    86.14685    86.29858    74.38889 
   48.99490    40.79012    68.93579    92.28797    92.31377    92.57956   104.56323   116.54691 
  103.66243    87.01323    89.96040   100.61671   107.24545   110.79539   114.12002   117.13649 
  117.81751   112.02515   106.80801   106.03649   105.26498    97.42809    89.32310    85.62552 
   82.94390    89.78323   101.47917   107.76173   108.87643   108.60911   105.88718    99.76543 
   80.85966    64.43196    87.26860   110.10538   123.41280   130.85329   119.58994   102.36212 
  104.05443   105.00179   101.41291    92.43115   101.41054   136.66032   164.47932   151.98813 
   99.92329   104.65794   105.80779   109.00644   109.81754   109.81010   109.56393   100.05268 
   99.18043    99.15176   100.06249   100.03272   100.23233   100.37689   100.25653   100.11282 
   98.90712    97.70142    98.32011    99.20908   100.31714   101.51022   101.22774    99.83163 
   99.28764    99.92354   100.09894    99.02179    98.28258   100.06253   101.84248   100.83073 
   99.72589   100.48259   101.65566   101.31077   100.20689    98.92152    97.46602   103.57392 
  122.80662   133.13025   110.93602    91.56802   113.18217   134.79620   112.11711    85.26930 
   81.44865    84.76324    86.13947    86.29147    74.62988    49.23134    40.53089    68.68138 
   92.29548    92.32106    92.47523   104.46066   116.44615   103.79779    87.14635    89.87555 
  100.53322   107.21689   110.76724   114.09958   117.11634   117.85962   112.06667   106.81361 
  106.04202   105.27042    97.48022    89.37459    85.64294    82.96110    89.71043   101.40723 
  107.75616   108.87094   108.62425   105.90215    99.87350    80.96645    64.30376    87.14191 
  109.98000   123.37133   130.81226   119.68459   102.45575   104.04901   104.99643   101.45947 
   92.47733   101.22700   136.47870   164.54314   152.05127    99.92329   104.74652   108.25197 
  109.05475   109.86072   109.79836   109.55320   100.02322    99.15257    99.18188   100.09081 
  100.04668   100.24483   100.36964   100.24993   100.07883    98.87499    97.67096    98.34216 
   99.23006   100.34671   101.53838   101.19605    99.80132    99.29927    99.93475   100.08053 
   99.00399    98.31219   100.09119   101.87024   100.81539    99.71098   100.49674   101.66949 
  101.29797   100.19437    98.90350    97.44843   103.79144   123.01930   132.88904   110.69989 
   91.79182   113.40134   135.01106   111.85638    85.01340    81.47572    84.78984    86.14681 
   86.29858    74.38889    48.99490    40.79012    68.93579    92.28797    92.31377    92.57956 
  104.56323   116.54691   103.66243    87.01323    89.96040   100.61671   107.24545   110.79539 
  114.12002   117.13649   117.81751   112.02515   106.80801   106.03649   105.26498    97.42809 
   89.32310    85.62552    82.94390    89.78323   101.47917   107.76173   108.87643   108.60911 
  105.88718    99.76543    80.85966    64.43196    87.26860   110.10538   123.41280   130.85329 
  119.58994   102.36212   104.05443   105.00179   101.41291    92.43115   101.41054   136.66032 
  164.47932   151.98813    99.92329   105.00622   108.41176   109.19766   109.98772   109.76344 
  109.52127    99.93497    99.06915    99.27195   100.17545   100.08804   100.28197   100.34808 
  100.23027    99.97718    98.77888    97.57980    98.40813    99.29290   100.43523   101.62270 
  101.10120    99.71059    99.33411    99.96835   100.02538    98.95067    98.40092   100.17705 
  101.87251   100.76943    99.66626   100.53920   101.71097   101.25958   100.15684    98.84941 
   97.39567   104.44363   123.65712   132.16542   109.99166    92.46286   114.05879   135.65543 
  111.07418    84.24603    81.55677    84.86969    86.16890    86.31992    73.66631    48.28578 
   41.56739    69.69896    92.26535    92.29198    92.89237   104.87070   116.84921   103.25658 
   86.61384    90.21476   100.86708   107.33121   110.87978   114.18125   117.19693   117.69120 
  111.90063   106.79121   106.01993   105.24865    97.27174    89.16874    85.57327    82.89232 
   90.00166   101.69492   107.77843   108.89300   108.56367   105.84222    99.44130    80.53918 
   64.81644    87.64882   110.48132   123.53732   130.97635   119.30591   102.08115   104.07070 
  105.01791   101.27315    92.29285   101.96116   137.20554   164.28818   151.79889    99.92329 
  105.42075   108.67196   109.42950   109.94195   109.70625   100.64500    99.78838    98.93070 
   99.42090   100.31553   100.15538   100.34263   100.31277   100.19798    99.80893    98.61968 
   97.63889    98.51752    99.39716   100.58199   101.76257   100.94376    99.55992    99.39201 
  100.02422    99.93369    98.86199    98.54849   100.31985   101.79386   100.69296    99.59184 
  100.60988   101.78003   101.19566   100.09433    98.75940    97.30784   105.52954   124.71907 
  130.96053   108.81230    93.58017   115.15349   136.57280   109.77139    82.96822    81.69177 
   85.00257    86.20559    86.35542    72.46286    47.10477    42.86186    70.97019    92.22784 
   92.25571    93.41338   105.38277   117.35275   102.58047    85.94855    90.63848   101.28420 
  107.47401   111.02032   114.28334   117.29766   117.48073   111.69321   106.76322   105.99235 
  105.11076    97.01124    88.91154    85.48621    82.80637    90.36559   102.05436   107.80627 
  108.92058   108.48799   105.76737    98.90124    80.00519    65.45713    88.28243   111.10799 
  123.74467   131.18146   118.83267   101.61310   104.09785   105.04472   101.04026    92.06232 
  102.87886   138.11360   163.96967   151.48354    99.92329   108.31916   109.01938   109.74199 
  109.85659   109.62819   100.42838    99.58445    98.74799    99.62701    99.90334   100.24648 
  100.42515   100.26452   100.15372    99.57576    98.39880    97.79867    98.66955    99.61710 
  100.78596   101.95708   100.72468    99.35020    99.47275   100.10211    99.80575    98.73826 
   98.75438   100.51914   101.68402   100.58614    99.54102   100.70868   101.87656   101.10631 
  100.00697    98.63361    97.18510   107.04747   126.20358   129.27611   107.16359    95.14247 
  116.68422   134.71521   107.94963    81.18096    81.88065    85.18855    86.25684    86.40498 
   70.77991    45.45309    44.67244    72.74809    92.17537    92.20507    94.14217   106.09916 
  118.05706   101.63464    85.01781    91.23132   101.86774   107.67380   111.21697   114.42616 
  117.43856   117.18631   111.40298   106.72407   105.95375   104.74149    96.64670    88.55164 
   85.36438    82.68610    90.87489   102.55738   107.84520   108.95918   108.38205   105.66260 
   98.14544    79.25792    66.35366    89.16900   111.98483   124.03487   131.46848   118.17039 
  100.95803   104.13580   105.08228   100.71426    91.73975   104.16325   139.38489   163.52382 
  151.04219    99.92329   108.78629   109.44140   109.96581   109.75091   100.77512   100.15238 
   99.32484    99.02563    99.88801   100.19603   100.35866   100.36864   100.20440   100.09837 
   99.27988    98.11812    98.00191    98.86310    99.88977   101.04565   101.80496   100.44528 
   99.08253    99.57599   100.20178    99.64203    98.57985    99.01791   100.77431   101.54324 
  100.44920    99.67081   100.83543   102.04504   100.99166    99.89485    98.47230    97.02766 
  108.99516   128.10854   127.11444   105.04766    97.14783   118.64919   132.33041   105.61095 
   78.81959    82.12338    85.42744    86.32252    86.46851    68.61923    43.33237    46.99717 
   75.03105    92.10827    92.14015    95.07806   107.01910   117.01561   100.41994    83.82246 
   91.99268   102.61721   107.93044   111.46957   114.60965   117.61961   116.80804   111.03014 
  106.67376   105.90416   104.26704    96.17833    88.08919    85.20784    82.53156    91.52925 
  103.20371   107.89528   109.00876   108.24590   105.52794    97.17421    78.29770    67.50585 
   90.30846   116.97863   124.40786   131.83736   117.31925   100.11614   104.18463   105.13049 
  100.29533    91.32501   105.81396   141.01825   162.95076   150.47501    99.92329 