doc/论文图与数据/探测数据/413/660m/di.grd
DSAA
101 37
3.500000 74.000000
-25.875000 0.000000
4.475278 26.935774
[rows 0 to 27 of 37, columns 0 to 63 of 101]
20.81582 20.84339 19.84529 21.38856 20.05656 19.97692 20.61887 20.53623 21.21045 21.54847 19.40508 14.80296 14.75979 13.46404 13.49300 13.79039 12.28490 12.23589 12.84229 12.35850 11.69544 11.48221 12.60342 12.61200 14.44367 14.56746 14.97279 14.62847 15.65332 15.44154 15.74263 15.59696 13.87132 13.74632 13.39715 12.77346 15.19515 15.89480 16.21768 16.78378 17.16494 17.49787 17.91319 18.27324 19.05739 20.20180 21.71868 23.22941 24.22640 24.89622 25.61810 26.00033 25.79621 25.47115 24.98196 23.98274 22.65198 21.03355 19.41707 17.59051 16.18962 15.05074 13.52832 13.05412
21.07758 22.26796 22.31881 23.33260 23.28197 22.12064 22.07187 22.37054 22.31236 23.45026 23.37614 18.21217 17.42706 16.19788 16.23912 16.42832 16.42120 15.12432 16.39952 15.49456 14.70288 14.72652 15.16095 15.08016 17.07991 16.83675 17.25636 17.00826 16.21096 16.17359 15.91287 16.47909 16.17282 15.25953 15.18607 14.46122 14.58002 15.49286 16.08740 16.59651 16.65024 16.88297 17.14269 17.25253 17.56852 18.57398 20.60386 22.84859 23.85799 24.89070 25.77890 26.21992 26.16933 25.80894 25.29072 24.26565 22.71428 20.73064 18.47841 16.52143 14.91941 13.74847 13.01900 12.62523
17.31238 20.47089 21.62539 23.24041 22.68066 22.62256 21.46729 21.41091 21.73693 21.96659 22.74202 19.33506 17.67602 15.72826 15.76998 16.04745 16.06456 16.04588 15.99379 15.94311 14.53694 14.38043 15.42454 14.67884 16.47660 16.39907 16.93791 16.44829 15.71859 15.39159 15.20427 14.97066 15.30141 15.17894 14.48235 14.27113 14.01825 14.14294 14.98298 15.59559 16.04596 16.27713 16.44031 16.08789 15.60044 15.95371 17.88177 20.49239 22.42422 24.46116 25.63280 26.19358 26.26468 25.89140 25.34261 24.55627 22.76459 20.23551 17.60988 15.28787 13.23699 12.28396 11.76591 10.79915
17.05758 17.22383 20.33093 23.08131 23.04758 22.48547 22.42372 21.26606 21.20649 21.80891 21.73582 19.13535 19.16686 16.36982 15.60300 15.91677 15.93627 15.94948 17.05800 15.81106 15.19905 14.44661 15.27534 15.15832 16.28864 15.99728 16.68870 16.31176 15.28735 15.03485 14.32657 14.46474 14.57651 14.50310 14.38095 13.62087 13.68570 13.45940 13.76089 14.80770 15.37837 15.93169 16.32754 15.66865 13.79219 12.76019 14.12072 15.64498 19.69784 23.74919 24.80630 25.78010 25.80429 25.23904 24.83407 24.63481 22.54152 19.38630 16.32216 13.60303 11.64687 10.44840 9.45785 9.53538
15.65929 16.47397 16.61158 21.21752 22.37907 22.30726 21.94887 21.85051 20.61067 20.98782 21.25181 17.83837 18.53385 17.27778 16.07786 15.52612 15.51243 15.48599 16.79318 16.66910 14.80572 14.75876 15.14331 14.76790 16.20171 15.75333 16.16902 15.82362 14.92930 14.61777 13.85991 13.46137 13.90187 13.61666 13.43725 13.01843 12.74082 12.87690 13.12135 13.75402 14.42661 15.49804 16.77383 16.34568 13.83108 12.29306 12.75899 13.87515 16.12496 18.72227 22.26783 25.12519 24.46435 23.34010 23.03509 22.65273 21.12610 18.26112 14.79068 11.61597 9.48825 8.52239 8.19388 8.71424
17.27590 17.41640 18.23938 21.76624 22.80615 23.94596 23.88521 23.44322 23.35294 22.59056 22.49559 19.30114 19.33211 18.81333 18.87625 17.95052 17.08354 17.08577 18.13289 18.09624 17.37001 16.26219 17.06254 16.22758 17.42789 17.07041 17.09537 16.63677 15.84873 15.38674 14.51754 14.00204 13.66980 13.37087 13.06199 12.56743 12.46524 12.25620 12.36548 12.67990 13.16226 14.24657 16.13351 16.62013 14.97758 13.69050 13.33259 13.20446 13.69661 14.46760 18.45452 22.11090 20.44864 19.38239 20.38128 21.46153 20.54713 17.26744 13.12943 9.20148 6.78649 6.33320 6.77185 7.78911
14.09280 17.22596 17.37419 21.60465 21.57618 22.64248 23.75930 23.69539 23.24934 23.48832 22.36503 19.30994 19.16757 18.12805 18.76027 18.92148 17.91316 17.04211 18.06588 17.98940 17.37602 17.29605 16.97530 16.78338 17.38406 16.89110 16.96905 16.37198 15.41280 15.03215 14.34568 13.64563 13.16874 12.72219 12.39577 11.88630 11.70591 11.46676 11.46534 11.57591 11.54358 12.20169 13.03455 14.16532 16.37843 17.06825 14.27933 12.93828 13.13178 14.15638 14.39869 13.71727 14.18843 13.19904 17.41028 23.06093 21.57664 16.68505 12.21082 7.39204 4.54169 5.05625 5.73245 7.24351
13.28681 13.46831 16.65334 20.32180 20.78785 20.73324 21.97492 22.98652 22.89019 22.91946 22.78855 18.62917 18.63378 17.58775 17.65495 18.33171 18.35143 17.56556 17.61355 17.51127 16.95152 17.04156 17.49156 16.32839 17.69003 16.64519 16.49501 15.93635 15.06361 14.47119 13.84568 13.27225 12.75651 12.24698 11.79002 11.29632 11.06103 10.89721 10.79926 10.95258 11.17105 11.32162 11.41565 12.40183 14.41413 15.05227 13.60746 12.46019 12.27723 12.45258 12.03019 11.39851 11.85330 12.55739 15.54831 18.93932 18.74974 16.07901 13.25339 10.49588 7.89176 5.72259 5.32572 7.56933
11.69240 13.08633 13.27868 19.97922 19.90095 20.34669 20.29444 21.60510 22.56301 22.92742 22.52040 19.36598 18.35582 17.27238 17.43886 17.77286 18.18805 18.20210 18.42385 17.45861 16.96240 16.87427 17.48867 17.18691 17.60109 17.09439 16.41140 15.76694 15.16759 14.34209 13.62845 12.99696 12.44351 11.88030 11.38721 10.85422 10.61397 10.61011 10.59568 10.97060 11.44312 11.24989 10.75694 11.10209 11.82647 11.94645 12.18137 11.61219 11.16445 10.90857 11.16813 11.65205 12.44321 13.92054 14.67408 14.47353 15.28264 15.45812 14.84276 14.79847 13.01695 8.32251 6.42609 9.51344
16.46427 11.70693 13.11439 17.90728 19.80790 19.73292 20.18043 20.13654 21.46717 22.84507 22.73441 19.26564 19.28736 17.23372 17.31920 17.79089 17.85782 18.26899 19.04582 18.40565 17.12283 17.03901 18.31723 17.28627 17.55503 17.10936 16.56863 15.74804 15.06610 14.36255 13.44836 12.75047 12.13893 11.57638 11.08516 10.59358 10.21850 10.71290 11.54676 11.51758 11.14876 10.86197 10.54862 10.68800 11.38743 11.76529 11.51020 11.18708 10.41193 9.93411 10.95400 12.22102 13.05920 14.03269 14.48425 14.60417 14.92693 15.27780 15.35164 15.25104 14.21831 12.58700 12.17138 13.04236
14.52222 14.50411 9.92774 16.01095 15.93194 17.85092 17.79716 18.26776 18.25243 20.02187 21.00679 18.32442 17.69373 16.72210 15.90281 16.17307 16.57915 16.67637 17.84217 17.81137 16.96741 16.20776 17.48330 17.14151 16.78812 16.26267 15.81940 15.20126 14.49363 13.80298 13.06245 12.33388 11.71028 11.24489 10.90789 10.69736 10.65721 11.00082 11.49043 11.41996 11.02936 10.87635 10.90590 10.89171 10.94019 10.92915 10.68379 10.55560 10.32667 10.34500 11.19274 12.24374 13.14017 14.01305 14.54573 14.91292 15.09064 15.17608 15.18940 15.01314 14.72959 14.72445 14.76935 14.58903
16.79738 15.20233 15.17840 15.33280 16.57234 16.49483 18.37778 18.32095 18.77715 19.71379 20.51005 18.82094 18.87926 17.29978 17.43341 16.80794 16.92578 17.29320 18.08139 18.38684 17.78200 17.65566 18.18534 17.81316 17.22841 16.91706 16.31183 15.64486 14.91281 14.17454 13.34218 12.42675 11.67836 11.28039 10.99273 11.06714 11.44917 11.22518 10.89108 11.08010 11.06403 11.06617 11.38816 11.10855 10.02659 9.49781 9.67274 9.84688 10.64703 11.57449 11.67552 11.91117 12.98651 13.86145 14.41046 14.90834 14.97061 14.89164 14.88117 14.71052 14.66163 15.01483 14.99053 14.11512
16.76732 16.72904 15.13866 16.35411 15.17866 16.41235 16.35139 18.26309 18.22072 19.64237 19.60007 17.88028 18.83578 17.81595 17.47169 17.77508 17.07411 17.21073 18.23966 18.27127 18.08458 18.06140 18.18858 18.13576 17.48474 16.90125 16.46913 15.79832 15.11930 14.45119 13.61570 12.50462 11.47192 11.40055 11.50745 11.13111 10.89508 11.12613 11.51884 11.57758 11.46611 11.14342 10.69843 10.05928 9.18730 8.83502 9.30622 9.95143 10.83537 11.68397 12.09018 12.54581 13.14226 13.70283 14.02683 14.20928 14.38636 14.52786 14.69631 14.87123 14.88606 14.64914 14.31612 14.01932
12.61455 15.59623 15.56948 15.25339 15.15269 14.02258 15.25971 15.23812 17.14086 18.04471 18.53219 16.72056 17.04530 16.95504 17.16378 17.14915 17.34213 16.71451 17.95826 17.82639 17.43528 17.81831 18.00286 17.76416 17.47363 16.88270 16.40574 15.74665 15.20185 14.81817 14.22628 13.17365 12.06082 11.70890 11.44340 10.83556 10.43988 10.91137 11.68746 11.70421 11.35535 10.66330 9.73621 9.05292 8.63963 8.69686 9.44429 10.21455 10.87654 11.54544 12.19661 12.89089 13.27959 13.52961 13.57214 13.50741 13.78342 14.23907 14.56146 14.77893 14.79376 14.47301 14.15405 14.07696
12.67712 12.64619 15.59173 17.07207 15.17029 15.07888 13.96203 15.20294 15.21645 18.05206 18.01387 16.71432 16.87790 16.35709 17.25975 17.52982 17.56071 17.77510 18.23217 18.33150 17.86508 17.97517 18.45272 18.20112 17.89518 17.23684 16.55253 15.79559 15.32799 15.34115 15.26697 14.42574 13.55746 12.28523 10.75000 10.58789 10.19230 10.64004 11.27701 11.06718 10.51530 9.69729 8.72454 8.28365 8.51184 9.02675 9.86121 10.69638 10.89618 10.93111 12.01207 13.05826 13.14536 13.28760 13.24705 12.94655 13.34866 14.09176 14.37800 14.31707 14.39136 14.58607 14.51346 14.07382
12.64498 13.13139 13.11516 17.44277 17.29740 15.45809 15.39492 14.24601 15.51599 16.88970 18.19913 16.45651 17.08814 17.22221 16.86337 17.83147 18.11480 18.11971 18.55938 18.74500 18.43602 18.51082 18.90389 18.69411 18.35752 17.64832 16.75731 15.61171 15.03407 15.46087 15.71008 15.28125 14.62175 13.32212 12.04702 11.22094 10.73831 10.47171 10.30404 9.90172 9.18715 8.53879 8.05099 8.00050 8.54214 9.29754 10.13290 10.84676 11.25593 11.57913 11.76880 12.01002 12.52639 12.99501 13.19174 13.30048 13.39161 13.47823 13.71482 14.01094 14.29038 14.59205 14.53900 13.98484
12.32447 12.37893 12.82535 14.38815 16.95589 16.80151 15.00628 14.95842 13.92929 16.53259 16.53610 16.08345 16.26821 16.89215 17.17724 17.48647 17.95658 18.23515 18.67167 18.84649 18.62973 18.86325 19.30059 19.15592 18.81999 18.08364 17.06492 15.74840 14.97623 15.23397 15.43403 15.27237 15.07107 14.03259 13.01327 11.81683 10.94862 10.15586 9.53070 9.03739 8.34414 7.92440 7.79868 7.98515 8.66521 9.49673 10.32862 11.00381 11.43217 11.79647 11.51745 11.31761 12.01309 12.69847 13.07532 13.44878 13.43198 13.18802 13.39640 13.86457 14.15876 14.36634 14.27467 13.66477
12.43944 12.34128 12.40204 14.42209 14.25766 16.74900 16.59518 14.86440 14.85288 15.32442 16.44866 15.30044 16.22960 16.83737 17.21913 16.80017 17.90505 18.35704 18.63942 18.91956 18.76736 19.04228 19.56132 19.53039 18.96550 18.11913 17.12362 16.20796 15.75688 14.74211 14.04082 14.43973 14.44982 13.86098 13.24311 11.72052 10.28303 9.57365 9.16735 8.84959 8.49304 8.18408 8.03659 8.23079 8.81869 9.58516 10.44536 11.12609 11.12853 11.07537 11.29932 11.53507 11.93602 12.36367 12.71490 12.96362 13.22588 13.52148 13.72148 13.85569 13.91768 13.81571 13.54327 13.11125
14.06787 13.02241 12.91879 14.51279 14.81704 14.65370 16.93989 16.79527 15.17076 16.69059 15.65139 15.62000 15.88204 16.89135 17.30786 17.03296 17.45903 18.07953 18.63201 18.76440 18.76246 18.91785 19.38339 19.84229 18.65282 16.22122 15.03393 15.17555 15.15017 14.66823 14.17031 13.63799 13.12260 12.89636 12.43275 11.09427 9.70778 9.10792 8.93641 9.00235 9.09243 8.78909 8.31037 8.35888 9.02639 9.73579 10.21747 10.57910 10.72324 10.85365 11.21891 11.64176 11.97596 12.26007 12.44502 12.54797 12.98941 13.62834 13.82807 13.65465 13.46269 13.23512 12.89028 12.41566
15.13556 14.93198 13.90182 14.54131 15.19333 15.42815 15.27175 17.31910 17.19946 17.15424 17.18162 15.74833 16.38979 16.18676 17.08051 17.26196 17.73462 18.13361 18.66199 18.67549 18.40288 18.14503 18.02199 18.54051 17.14686 14.27421 13.31585 14.11334 14.22901 14.37851 14.30633 12.98814 11.82535 11.76313 11.44782 10.26396 9.11910 8.95082 9.05482 9.41619 9.75977 9.35244 8.53107 8.37535 9.04711 9.68107 9.80471 9.99151 10.40321 10.72735 11.17020 11.68010 11.98890 12.27543 12.41475 12.36373 12.81554 13.48647 13.57394 13.22773 12.91917 12.63418 12.29650 11.84007
15.19746 14.96231 14.72714 14.49110 14.27560 14.83833 15.00849 14.84633 16.76123 16.47291 16.67813 15.61774 15.73718 15.94332 16.51425 17.14177 17.65680 18.07576 18.51319 18.49380 17.96794 17.15955 15.83582 13.38748 13.54588 15.36196 15.42089 14.17129 13.52168 13.39685 12.96347 12.40171 11.83200 10.92944 10.10721 9.53659 8.96780 9.24329 9.91370 10.11594 9.92930 9.42830 8.82722 8.51547 8.59742 8.96505 9.41239 9.82917 10.27294 10.68352 11.04600 11.42207 11.90954 12.29936 12.59953 12.87301 12.89506 12.79996 12.74290 12.69272 12.46424 12.00198 11.66086 11.64806
15.87297 15.58577 15.28993 15.08055 14.78952 14.51417 14.89279 14.93257 14.74593 16.33476 16.27414 15.40202 15.82609 15.98230 16.63803 17.11259 17.60617 17.99049 18.44528 18.47781 17.72468 16.58832 15.33824 13.82663 14.12445 15.71977 15.71702 14.25385 13.25669 12.80747 12.28940 11.54670 10.83319 10.23836 9.73759 9.47704 9.30743 9.73282 10.41548 10.56791 10.25677 9.51286 8.57889 8.05034 8.03854 8.42584 9.10809 9.73740 10.20146 10.60165 10.92352 11.27937 11.89857 12.48901 12.72826 12.78992 12.62195 12.32618 12.08152 11.86354 11.73522 11.71656 11.68299 11.66907
15.73907 15.43080 15.10648 14.74977 14.40379 14.06020 13.73610 14.04547 14.00680 13.81068 15.28003 14.42623 14.91910 15.41554 16.19925 16.90445 17.41304 17.67012 17.77435 18.13904 17.07545 16.26662 15.95874 16.69045 16.30210 15.48131 14.73678 13.64332 12.77748 12.28361 11.98256 10.75072 9.57071 9.98782 10.07423 10.06385 9.94731 10.25580 10.66646 10.65736 10.43650 9.44037 7.98670 7.32669 7.56322 8.03748 8.86852 9.66312 10.07288 10.50989 10.85568 11.11466 11.85394 12.64346 12.55599 12.28414 12.08534 11.91315 11.61473 11.13651 11.06915 11.66200 11.97887 11.73311
15.86543 15.52825 15.16586 14.97560 14.56668 13.92167 13.48936 13.08043 13.22174 13.08673 13.01828 13.48574 14.03599 14.75267 15.80047 16.63862 17.10462 17.27629 16.47391 15.21025 15.58714 15.94320 15.88034 15.54132 15.25017 14.85977 13.76417 12.20355 11.28278 11.12339 10.97360 10.54565 10.20762 10.58642 11.04473 10.95002 10.84606 10.70744 10.61225 10.32481 9.74230 8.76883 7.62039 7.11222 7.44239 8.00552 8.54491 9.12867 9.81317 10.38236 10.84000 11.31930 11.59948 11.81668 11.85960 11.76900 11.55347 11.25440 11.16928 11.26509 11.35779 11.44078 11.52766 11.68732
16.81447 16.43505 16.02040 15.64282 15.14863 14.61516 14.03858 13.44237 12.87647 12.75205 12.45472 12.45576 12.99734 13.89078 15.34076 16.47869 16.44940 16.22097 15.98113 15.36218 15.73257 15.91754 15.79783 15.26962 14.56155 13.58808 12.08590 10.44345 9.73947 10.13333 10.56174 10.80365 10.96191 11.34717 11.69886 11.47143 11.17137 10.76275 10.36434 9.86238 9.13094 8.22352 7.32437 6.96338 7.32522 7.87881 8.34344 8.88746 9.59803 10.17136 10.55901 10.91368 11.01237 11.05466 11.04747 10.98509 10.98303 11.01589 11.15518 11.38705 11.48471 11.40970 11.36349 11.43484
16.98440 16.58715 16.14723 15.43012 14.88815 14.27757 13.58541 13.08224 12.24726 11.24053 11.15167 10.76405 11.42820 12.32826 14.01758 16.46334 15.47952 14.30939 16.65255 18.57397 17.29541 16.15000 16.01593 16.26666 14.78029 12.11905 10.16807 8.97214 8.57838 9.79622 10.77632 11.31630 11.78764 11.84773 11.88730 11.46568 10.90479 10.43167 9.97238 9.47121 8.78157 7.93377 7.11713 6.78847 7.09708 7.64138 8.23127 8.87781 9.44518 9.91436 9.98318 9.98383 10.15378 10.39902 10.32487 10.07443 10.46244 11.14408 11.37546 11.30917 11.34489 11.46239 11.43659 11.03667
16.91112 16.53130 16.08771 15.59001 15.02689 14.37848 13.61048 12.67501 11.54615 10.38969 9.39667 9.10141 9.59842 10.43101 10.97481 11.75369 14.87465 17.50346 18.03225 17.91573 17.38707 16.68998 16.07705 15.47377 13.86724 11.46750 9.72578 8.87740 8.94152 10.15262 11.25692 11.64044 11.87005 11.95188 11.86822 11.23347 10.45641 10.00084 9.65858 9.25758 8.73100 7.87304 6.91137 6.52920 6.83820 7.39533 8.03013 8.65733 9.20306 9.53537 9.33279 9.07380 9.23818 9.47291 9.74932 10.03163 10.35163 10.73249 11.01095 11.17627 11.24715 11.20651 11.03290 10.65782
16.89213 16.52913 16.11851 15.61445 15.09127 14.48760 13.75788 12.79871 11.44183 9.70506 7.90632 7.29102 8.19555 9.45475 9.95461 10.49221 15.19542 19.04036 18.61291 17.43051 16.98388 16.52292 15.48296 14.20231 12.76760 11.22841 10.09629 9.58640 9.70507 10.63959 11.49990 11.59954 11.65055 11.64873 11.53657 10.84095 10.04119 9.66597 9.41619 9.10617 8.68631 7.80967 6.72008 6.28673 6.63264 7.19536 7.80021 8.35723 8.80178 9.05629 8.73530 8.40455 8.66323 8.96834 9.42303 9.90315 10.15065 10.31426 10.55293 10.81319 10.90131 10.79021 10.60470 10.31346
