论文图与数据/底板探测数据/北二/520m/20220315092656_df_测线00002/cq.grd
DSAA
101 11
0.000000 66.750000
-3.337500 3.337500
54.612862 144.438339

  105.48344   105.66917   105.45844   105.36829   102.18761    96.26546    94.96861    96.26595 
   97.68819    97.64924    94.65270    93.89715    95.37205    98.85883   102.80478   106.04496 
  108.98815   110.08896   109.34768   110.59705   115.46113   118.46157   114.02023   106.75134 
  101.15670    97.55504    94.90540    92.18230    89.64355    88.07955    86.36411    82.83256 
   81.25411    88.80576   101.46632   106.66196   101.10419    94.05933    92.28255    94.74726 
  101.29426   107.65771   109.31049   107.86640   108.33868   111.71456   113.01092   108.38686 
  100.46246    91.12706    83.00003    78.33426    77.64303    85.33498   101.11981   112.36646 
  109.37898   103.18494   103.75061   107.55690   108.29819   104.42657    99.20596    94.07465 
   87.27238    77.98190    69.39686    64.64018    65.01740    74.11107    88.50949    99.85950 
  104.74070   105.81618   104.71288   104.25032   106.95481   109.79501   108.63168   103.96024 
   98.89234    95.08340    93.47987    95.15268    96.68056    94.55151    91.85453    94.03230 
  100.22691   107.74519   115.84155   122.91549   121.50403   117.13541   118.15601   123.58405 
  128.80586   125.51364   119.22802   112.62035   117.29352   103.71162   105.78560   108.30934 
  108.83564   108.59378    92.13462    94.10577    96.11017    98.75542   100.96503    92.19543 
   91.64857    92.23956    97.63253   103.05020   106.69975   110.75003   111.23636   107.51571 
  106.77647   116.99511   127.15707   116.94942   105.61481    99.86683    96.62350    93.88432 
   92.01998    89.87301    88.48282    87.09017    79.88068    71.22970    83.48220   108.91150 
  119.26164   102.98374    88.30545    88.87377    89.44165   100.40097   112.29797   112.47241 
  106.30482   105.68375   113.99249   120.39104   111.90448   103.41634    91.31059    78.22099 
   71.16655    68.56973    76.42292   104.60998   128.92860   112.85571    96.78108   101.79625 
  110.90636   111.62205   106.15663   100.84898    96.23122    90.97010    77.43596    63.90115 
   58.41340    54.61286    66.88126    91.22028   107.98069   108.69203   109.09356   104.97429 
  100.85497   106.51303   114.32575   112.84141   104.42530    97.37302    93.15998    89.62574 
   95.04885   100.47211    94.89519    86.92749    88.05956    98.74781   108.22947   115.18554 
  134.60483   123.16784   111.73054   115.19601   121.79037   139.83508   128.22845   119.66966 
  117.32624   116.35251   130.28023   104.10384   106.82636   108.92758   108.67775   108.42596 
   93.34724    95.41692    97.87238   100.15887    92.32542    91.77121    91.23832    96.38287 
  101.87544   106.11024   110.18268   111.74471   108.00574   105.32627   115.60077   125.88080 
  118.40450   107.01889   100.22678    96.97261    94.09770    92.22665    90.17765    88.77372 
   87.36841    80.58478    71.91879    81.24235   106.72594   120.63320   104.32340    88.33265 
   88.89850    89.46415    99.24059   111.16792   113.10410   106.91982   105.00145   113.32555 
  121.07111   112.56951   104.06707    92.14948    79.04486    71.35207    68.75157    74.61029 
  102.82985   129.96227   113.87074    97.77828   101.24454   110.36404   111.88934   106.42030 
  101.11480    96.49275    91.68413    78.13952    64.59439    58.59618    54.79317    65.70937 
   90.06424   107.94564   108.65746   109.26625   105.14502   101.02367   106.16085   113.97805 
  113.21049   104.78983    97.55016    93.33501    89.40697    94.83258   100.25827    95.21310 
   87.24180    87.64204    98.33491   107.96333   114.92229   135.03622   123.59468   112.15281 
  114.94942   121.54637   140.25839   128.64738   119.75335   117.40910   116.02380   137.98734 
  102.80519   105.70186   108.64069   108.73934   108.48235    92.78839    94.90884    97.22215 
   99.56817    92.41908    91.85955    91.29964    95.47817   101.02638   105.68739   109.77579 
  112.10930   108.35710   104.60799   114.60018   124.91763   119.44812   108.02560   100.48466 
   97.22266    94.25061    92.37473    90.49860    88.98267    87.56815    81.08839    72.41163 
   79.63940   105.16212   121.61453   105.28184    88.94830    88.91637    89.48037    98.40993 
  110.35909   113.55629   107.35997   104.51331   112.84841   121.18399   113.04528   104.53246 
   92.74927    79.63400    71.48473    68.88165    73.31415   101.55713   129.80086   114.59656 
   98.49126   100.85012   109.97629   112.08038   106.60873   101.30482    96.67969    92.05445 
   78.64230    65.08987    58.72682    54.92205    64.87181    89.23807   107.92059   108.63276 
  109.34488   105.26697   101.14423   105.90916   113.72957   113.47427   105.05032    97.67673 
   93.46008    89.25066    94.67806   100.10550    95.44027    87.46640    87.34367    98.03983 
  107.77318   114.73418   135.34447   123.89964   112.45461   114.77324   121.37205   140.56073 
  128.94666   119.81319   117.46832   115.93484   142.79982   120.79627   104.99675   108.02689 
  108.77699   108.51670    92.44567    94.59847    96.82365    99.20743   101.59341    91.91285 
   91.35002    94.93034   100.51286   105.43295   109.53101   112.32866   108.56847   104.80810 
  113.99797   124.33809   120.07599   108.63120   100.63967    97.37296    94.34257    92.46375 
   90.58488    89.10853    87.68846    81.39077    72.70757    78.67650   104.22266   122.20401 
  105.85758    89.51084    88.92722    89.49021    97.91082   109.87316   113.82801   107.62440 
  104.22008   112.56193   120.90381   113.33101   104.81197    93.10937    79.98761    71.56442 
   68.95974    72.53594   100.79298   129.05020   115.03229    98.91930   100.61337   109.74352 
  112.19507   106.72184   101.41888    96.79189    92.16491    78.94417    65.38732    58.80522 
   54.99939    64.36913    88.74218   107.90556   108.61794   109.33026   105.34013   101.21656 
  105.75813   113.58043   113.63258   105.20668    97.75269    93.53515    89.31760    94.58531 
  100.01379    95.57662    87.60120    87.16461    97.86277   107.65905   114.62129   121.58353 
  124.08257   112.63569   114.66750   121.26746   140.74222   129.12617   119.84908   117.50384 
  115.95300   144.43834   122.22501   104.75613   107.81860   108.78965   108.52824    92.33014 
   94.49406    96.68936    99.08608   101.48280    91.93066    91.36685    94.74687   100.34100 
  105.34803   109.44930   112.40187   108.63902   104.87616   113.79693   124.14462   120.28556 
  108.83328   100.69139    97.42310    94.37325    92.49345    90.61367    89.15057    87.72863 
   81.49161    72.80627    78.35527   103.90929   122.40060   106.04957    89.69846    88.93084 
   89.49351    97.74433   109.71108   113.91866   107.71259   104.12236   112.46635   120.81036 
  113.42629   104.90524    93.22945    80.10560    71.59103    68.98579    72.27656   100.53822 
  128.79999   115.17757    99.06203   100.53437   109.66590   112.23325   106.75954   101.45692 
   96.82933    92.20174    79.04480    65.48649    58.83137    55.02519    64.20155    88.57687 
  107.90054   108.61298   109.32538   105.36454   101.24070   105.70779   113.53072   113.68534 
  105.25880    97.77802    93.56017    89.34232    94.55437    99.98320    95.62206    87.64614 
   87.10495    97.80374   107.62099   114.58364   121.54627   124.14354   112.69602   114.63229 
  121.23259   140.80276   129.18605   119.86103   117.51569   115.42865   142.79982   120.79627 
  104.99676   108.02689   108.77699   108.51670    92.44567    94.59847    96.82365    99.20743 
  101.59341    91.91285    91.35002    94.93034   100.51287   105.43295   109.53101   112.32866 
  108.56847   104.80810   113.99797   124.33809   120.07599   108.63120   100.63967    97.37296 
   94.34257    92.46375    90.58488    89.10853    87.68846    81.39077    72.70757    78.67650 
  104.22266   122.20401   105.85758    89.51084    88.92722    89.49021    97.91082   109.87316 
  113.82801   107.62440   104.22008   112.56193   120.90381   113.33101   104.81197    93.10937 
   79.98761    71.56442    68.95974    72.53594   100.79298   129.05020   115.03229    98.91930 
  100.61337   109.74352   112.19507   106.72184   101.41888    96.79189    92.16491    78.94417 
   65.38732    58.80522    54.99939    64.36913    88.74218   107.90556   108.61794   109.33026 
  105.34013   101.21656   105.75813   113.58043   113.63258   105.20668    97.75269    93.53515 
   89.31760    94.58531   100.01379    95.57662    87.60120    87.16461    97.86277   107.65905 
  114.62129   121.58353   124.08257   112.63569   114.66750   121.26746   140.74222   129.12617 
  119.84908   117.50384   115.41812   137.98734   102.80520   105.70186   108.64069   108.73934 
  108.48235    92.78839    94.90884    97.22215    99.56817    92.41909    91.85955    91.29964 
   95.47817   101.02638   105.68739   109.77579   112.10930   108.35710   104.60799   114.60018 
  124.91763   119.44812   108.02560   100.48466    97.22266    94.25061    92.37473    90.49860 
   88.98267    87.56815    81.08839    72.41163    79.63940   105.16212   121.61453   105.28184 
   88.94830    88.91637    89.48037    98.40990   110.35909   113.55627   107.35997   104.51331 
  112.84841   121.18399   113.04528   104.53246    92.74927    79.63400    71.48473    68.88165 
   73.31415   101.55713   129.80086   114.59657    98.49126   100.85012   109.97629   112.08038 
  106.60873   101.30482    96.67969    92.05445    78.64230    65.08987    58.72682    54.92205 
   64.87181    89.23807   107.92059   108.63276   109.34488   105.26697   101.14423   105.90916 
  113.72957   113.47427   105.05032    97.67673    93.46008    89.25066    94.67806   100.10550 
   95.44027    87.46640    87.34367    98.03983   107.77318   114.73418   135.34447   123.89964 
  112.45461   114.77324   121.37205   140.56073   128.94666   119.81319   117.46832   115.93552 
  130.28023   104.10385   106.82636   108.92758   108.67775   108.42596    93.34724    95.41692 
   97.87238   100.15887    92.32542    91.77121    91.23832    96.38287   101.87544   106.11024 
  110.18268   111.74471   108.00574   105.32627   115.60077   125.88080   118.40450   107.01889 
  100.22678    96.97261    94.09770    92.22665    90.17765    88.77372    87.36841    80.58478 
   71.91879    81.24235   106.72594   120.63320   104.32340    88.33263    88.89850    89.46415 
   99.24059   111.16792   113.10410   106.91982   105.00145   113.32555   121.07111   112.56951 
  104.06707    92.14948    79.04486    71.35207    68.75157    74.61029   102.82985   129.96227 
  113.87074    97.77828   101.24454   110.36404   111.88934   106.42030   101.11480    96.49275 
   91.68413    78.13952    64.59439    58.59618    54.79317    65.70937    90.06424   107.94564 
  108.65746   109.26625   105.14502   101.02367   106.16086   113.97805   113.21049   104.78983 
   97.55016    93.33501    89.40697    94.83258   100.25827    95.21310    87.24180    87.64204 
   98.33491   107.96333   114.92229   135.03622   123.59468   112.15281   114.94942   121.54637 
  140.25839   128.64738   119.75335   117.40910   115.94121   103.71162   105.78560   108.30934 
  108.83564   108.59378    92.13462    94.10577    96.11017    98.75542   100.96503    92.19543 
   91.64857    92.23956    97.63253   103.05020   106.69975   110.75003   111.23636   107.51571 
  106.77647   116.99511   127.15707   116.94942   105.61481    99.86683    96.62350    93.88432 
   92.01998    89.87303    88.48282    87.09017    79.88068    71.22970    83.48220   108.91150 
  119.26164   102.98375    88.30545    88.87377    89.44165   100.40097   112.29797   112.47238 
  106.30482   105.68375   113.99249   120.39104   111.90448   103.41634    91.31059    78.22099 
   71.16655    68.56973    76.42292   104.60999   128.92860   112.85561    96.78108   101.79625 
  110.90636   111.62205   106.15663   100.84898    96.23122    90.97010    77.43596    63.90115 
   58.41340    54.61286    66.88126    91.22028   107.98069   108.69203   109.09356   104.97429 
  100.85497   106.51303   114.32575   112.84141   104.42530    97.37302    93.15998    89.62574 
   95.04885   100.47211    94.89519    86.92749    88.05956    98.74781   108.22947   115.18554 
  134.60483   123.16784   111.73054   115.19601   121.79037   139.83508   128.22845   119.66966 
  117.32624   116.00878   105.60144   106.94479   105.29440   105.12696   102.06929    96.62312 
   95.32867    96.08507    97.58184    97.03543    94.80920    93.84509    95.22871    98.90443 
  102.66811   106.00679   108.55395   109.89457   109.97568   111.00548   115.62654   118.60085 
  114.11370   106.76550   101.38674    97.84529    94.70419    92.21996    89.82310    87.42860 
   85.39437    82.67604    81.91257    89.07310   101.27437   106.66559   100.55254    93.82528 
   92.85570    95.26059   100.89454   106.97771   109.24142   108.26369   108.78016   112.35158 
  113.49325   108.48189   100.48322    90.94113    82.12260    77.45637    78.28688    85.48133 
  100.42261   112.04568   109.51492   103.43583   104.36556   108.35341   108.21144   104.53659 
   99.72737    94.38997    87.43590    77.38297    68.40730    64.06963    64.99664    73.72816 
   88.33293    99.97029   104.42009   105.78209   105.36598   104.93745   107.12606   109.94691 
  108.70724   103.62369    98.82161    95.52253    93.70325    94.82957    96.15559    94.24105 
   91.53408    93.40340   101.02264   108.06880   115.45580   122.67592   121.16019   117.95543 
  118.44357   124.17429   129.30856   125.28812   119.28513   112.69258   117.57362 