doc/论文图与数据/探测数据/413/500m/cq.grd
DSAA
101 11
0.000000 69.750000
-3.487500 3.487500
69.396667 116.211456

  100.70361   101.95265   102.89195   102.85894    99.03359    99.51740   100.04856   100.11080 
   99.98052   100.05367   100.94727   101.82890   101.38954   100.73338   101.07550   102.12624 
  102.33485   101.22585   100.34036   100.35024   100.49397   102.65021   104.80927   102.79907 
  100.19887   100.39034   101.70818   100.96285    98.61955    97.16617    96.66925    96.45011 
   98.75124   100.92510    92.69807    84.35422    86.91584    91.48023    97.46936   104.33565 
  106.67616   104.59970   104.47717   107.85255   110.47602   109.94615   109.36606   106.20978 
  103.05284   105.64891   109.29263   105.53242    98.26273    95.19434    95.97402    96.58294 
   96.93404    95.95879    90.16299    85.30325    94.95577   104.60925   103.59727   101.46024 
  103.14094   106.06763   106.38158   104.87871   102.65630    99.59830    97.49146    97.73380 
   97.49854    93.90753    90.31633    97.37563   104.82602   100.54048    93.47728    91.84778 
   93.10390    96.48294   101.88456   105.32442   105.25221   106.20776   111.33484    97.15702 
   99.92935   102.70181    98.66665    93.80277    92.31685    85.02090    86.66228    94.67599 
  108.80460    93.06432    79.02507    69.39667   100.01918    99.63097   100.98830   102.41352 
  102.82294   102.80161    99.17267    99.73586   100.13519   100.00452    99.98343   100.69467 
  101.60751   101.54819   100.88438   100.87504   101.93299   102.55208   101.43447   100.34603 
  100.35542   100.36465   102.28439   104.45641   103.22580   100.61080   100.17085   101.49639 
  101.34026    98.98424    97.17776    96.68206    96.17944    98.48735   100.79585    93.70341 
   85.33360    86.36662    90.94514    96.73967   103.62263   106.90994   104.82791   104.12511 
  107.50835   110.53135   110.00024   109.46902   106.49914   103.33648   105.36353   109.01208 
  106.09795    98.81863    95.13580    95.91644    96.56273    96.91406    96.39220    90.58934 
   84.78607    94.27026   103.93433   103.75021   101.61079   102.93739   105.86718   106.47125 
  104.96721   102.85764    99.79674    97.47288    97.71551    97.71179    94.11802    90.52412 
   96.95887   104.41437   100.92495    93.85718    91.78346    93.04032    96.18652   101.59174 
  105.33788   105.26540   105.95160   111.08148   116.21146    99.79108   102.56504    98.90965 
   94.04303    92.66441    85.36491    86.27809    94.29586   109.54266    93.79461    79.46734 
   69.83440   100.01918   104.73125   100.18020   101.69450   102.79045   102.77466    98.88834 
   99.48068   100.08197   100.02282    99.89236   100.49509   101.41933   101.67294   101.00300 
  100.71853   101.78207   102.72219   101.59777   100.47269   100.35952   100.36842   101.99826 
  104.18052   103.55950   100.93282    99.99921   101.33082   101.63528    99.26920    97.18649 
   96.69177    96.19724    98.28159   100.59515    94.48761    86.09744    85.93825    90.52784 
   96.17088   103.06689   107.09224   105.00583   103.85072   107.24011   110.57446   110.04239 
  109.51025   106.72458   103.55743   105.14131   108.79362   106.53828    99.25156    95.09023 
   95.87160    96.54703    96.89853    96.72966    90.92129    85.11272    93.73651   103.40888 
  103.86929   101.72800   102.77895   105.71113   106.54104   105.03608   103.01436    99.95123 
   97.45840    97.70128    97.87778    94.28186    90.68585    96.63451   104.09398   101.22417 
   94.15282    91.73340    92.99086    95.95587   101.36385   105.34834   105.27565   105.75230 
  110.88438   116.01649    99.68350   102.45864    99.09869    94.23004    92.93489    85.63261 
   85.97908    94.00002   110.11693    94.36301    79.81143    70.17502   100.01918   105.13268 
   99.56422   101.15442   102.74357   102.75340   102.74379    99.29111    99.91159   100.03564 
   99.90510   100.35077   101.28345   101.76280   101.08837   100.60643   101.67398   102.74168 
  101.71498   100.58533   100.36252   100.37115   101.79300   103.98268   103.79884   101.16370 
   99.87608   101.21210   101.84682    99.47348    97.19257    96.69858    96.20467    98.13433 
  100.45151    95.04897    86.64415    85.63161    90.22917    95.76392   102.66930   107.22267 
  105.13312   103.65439   107.04821   110.44218   110.07253   109.53973   106.88577   103.71545 
  104.98244   108.63745   106.85306    99.56103    95.05765    95.83956    96.53577    96.88744 
   96.97087    91.15861    85.34621    93.35504   103.03328   103.95440   101.81178   102.66570 
  105.59959   106.59093   105.08532   103.12638   100.06162    97.44806    97.69109    97.93414 
   94.39895    90.80144    96.40273   103.86505   101.43799    94.36407    91.69765    92.95549 
   95.79105   101.20104   105.35581   105.28297   105.60986   110.74347   115.87715    99.60665 
  102.38259    99.23383    94.36359    93.12819    85.82385    85.76550    93.78863   110.52724 
   94.76902    80.05724    70.41840   100.01918   105.38418    99.18783   100.81822   102.46504 
  102.73972   102.73265    99.17417    99.80704   100.04322    99.91268   100.26344   101.20132 
  101.81703   101.13986   100.53906   101.60899   102.67896   101.78553   100.65311   100.36434 
  100.37280   101.66950   103.86366   103.94285   101.30260    99.80202   101.14067   101.97408 
   99.59634    97.21852    96.70260    96.20908    98.04585   100.36523    95.38626    86.97263 
   85.44736    90.04971    95.51947   102.43048   107.30104   105.20958   103.53648   106.93297 
  110.32949   110.09064   109.55744   106.98260   103.81033   104.88705   108.54369   107.04210 
   99.74680    95.03810    95.82033    96.52905    96.88075    97.11572    91.30106    85.48636 
   93.12600   102.80782   104.00549   101.86208   102.59769   105.53263   106.62084   105.11486 
  103.19362   100.12790    97.44186    97.68499    97.92812    94.46921    90.87080    96.26360 
  103.72764   101.56631    94.49086    91.67619    92.93428    95.69212   101.10330   105.36031 
  105.28737   105.52440   110.65895   115.79356    99.56046   102.33698    99.31489    94.44382 
   93.24416    85.93861    85.63726    93.66171   110.77344    95.01280    80.20477    70.56446 
  100.01918   105.46997   104.35641   100.70393   102.36475   102.73499   102.72882    99.13461 
   99.77178   100.04574    99.91519   100.23421   101.17384   101.83515   101.15707   100.51659 
  101.58731   102.65804   101.80907   100.67573   100.36494   100.37337   101.62827   103.82393 
  103.99091   101.34895    99.77728   101.11684   102.01653    99.63734    97.25815    96.70393 
   96.21054    98.01634   100.33644    95.49876    87.08220    85.38590    89.98985    95.43793 
  102.35083   107.32718   105.23508   103.49716   106.89452   110.29189   110.09669   109.56335 
  107.01486   103.84198   104.85525   108.51244   107.10511    99.80875    95.03157    95.81390 
   96.52679    96.87855    97.16399    91.34856    85.53310    93.04964   102.73266   104.02254 
  101.87885   102.57503   105.51031   106.63083   105.12471   103.21603   100.15000    97.43977 
   97.68295    97.92611    94.49265    90.89394    96.21723   103.68181   101.60908    94.53315 
   91.66905    92.92721    95.65914   101.07072   105.36180   105.28886   105.49590   110.63079 
  115.76569    99.54510   102.32175    99.34191    94.47052    93.28287    85.97685    85.59454 
   93.61943   110.85550    95.09400    80.25402    70.61317   100.01918   105.38418    99.18783 
  100.81822   102.46504   102.73972   102.73265    99.17417    99.80704   100.04322    99.91268 
  100.26344   101.20132   101.81703   101.13986   100.53906   101.60899   102.67896   101.78553 
  100.65311   100.36434   100.37280   101.66950   103.86366   103.94285   101.30260    99.80202 
  101.14067   101.97408    99.59634    97.21852    96.70260    96.20908    98.04585   100.36523 
   95.38626    86.97263    85.44736    90.04971    95.51947   102.43048   107.30104   105.20958 
  103.53648   106.93297   110.32949   110.09064   109.55744   106.98260   103.81033   104.88705 
  108.54369   107.04210    99.74680    95.03810    95.82033    96.52905    96.88077    97.11572 
   91.30106    85.48636    93.12600   102.80782   104.00549   101.86208   102.59769   105.53263 
  106.62084   105.11486   103.19362   100.12790    97.44186    97.68499    97.92812    94.46921 
   90.87080    96.26360   103.72764   101.56631    94.49086    91.67619    92.93428    95.69212 
  101.10330   105.36031   105.28737   105.52440   110.65895   115.79356    99.56046   102.33698 
   99.31489    94.44382    93.24416    85.93861    85.63726    93.66171   110.77344    95.01280 
   80.20477    70.56446   100.01918   105.13268    99.56422   101.15442   102.74357   102.75340 
  102.74379    99.29111    99.91159   100.03564    99.90510   100.35077   101.28345   101.76280 
  101.08837   100.60643   101.67398   102.74168   101.71498   100.58533   100.36252   100.37115 
  101.79300   103.98268   103.79884   101.16370    99.87608   101.21210   101.84682    99.47348 
   97.19257    96.69858    96.20467    98.13433   100.45151    95.04897    86.64415    85.63161 
   90.22917    95.76392   102.66930   107.22267   105.13312   103.65439   107.04821   110.44218 
  110.07253   109.53973   106.88577   103.71545   104.98244   108.63745   106.85306    99.56103 
   95.05765    95.83956    96.53577    96.88744    96.97087    91.15861    85.34621    93.35504 
  103.03328   103.95440   101.81178   102.66570   105.59959   106.59093   105.08532   103.12638 
  100.06162    97.44806    97.69109    97.93414    94.39895    90.80144    96.40273   103.86505 
  101.43799    94.36407    91.69765    92.95549    95.79105   101.20104   105.35581   105.28297 
  105.60986   110.74347   115.87715    99.60665   102.38259    99.23383    94.36359    93.12819 
   85.82385    85.76550    93.78863   110.52724    94.76902    80.05724    70.41840   100.01918 
  104.73125   100.18020   101.69450   102.79045   102.77466    98.88834    99.48068   100.08197 
  100.02282    99.89236   100.49509   101.41933   101.67294   101.00300   100.71853   101.78207 
  102.72219   101.59777   100.47269   100.35952   100.36842   101.99826   104.18052   103.55950 
  100.93282    99.99921   101.33082   101.63528    99.26920    97.18649    96.69177    96.19724 
   98.28159   100.59515    94.48761    86.09744    85.93825    90.52784    96.17088   103.06689 
  107.09224   105.00583   103.85072   107.24011   110.57446   110.04239   109.51025   106.72458 
  103.55743   105.14131   108.79362   106.53828    99.25156    95.09023    95.87160    96.54703 
   96.89853    96.72966    90.92129    85.11272    93.73651   103.40888   103.86929   101.72800 
  102.77895   105.71113   106.54104   105.03608   103.01436    99.95123    97.45840    97.70128 
   97.87778    94.28186    90.68585    96.63451   104.09398   101.22417    94.15282    91.73340 
   92.99086    95.95587   101.36385   105.34834   105.27565   105.75230   110.88438   116.01649 
   99.68350   102.45864    99.09869    94.23004    92.93489    85.63261    85.97908    94.00002 
  110.11693    94.36301    79.81143    70.17502   100.01918    99.63097   100.98830   102.41352 
  102.82294   102.80161    99.17267    99.73586   100.13519   100.00452    99.98343   100.69467 
  101.60751   101.54819   100.88438   100.87504   101.93299   102.55208   101.43447   100.34603 
  100.35542   100.36465   102.28439   104.45641   103.22580   100.61080   100.17085   101.49639 
  101.34026    98.98424    97.17776    96.68206    96.17944    98.48735   100.79585    93.70341 
   85.33360    86.36662    90.94514    96.73967   103.62263   106.90994   104.82791   104.12511 
  107.50835   110.53135   110.00024   109.46902   106.49914   103.33648   105.36353   109.01208 
  106.09795    98.81863    95.13580    95.91644    96.56273    96.91406    96.39220    90.58934 
   84.78607    94.27026   103.93433   103.75021   101.61079   102.93739   105.86718   106.47125 
  104.96721   102.85764    99.79674    97.47288    97.71551    97.71179    94.11802    90.52412 
   96.95887   104.41437   100.92495    93.85718    91.78346    93.04032    96.18652   101.59174 
  105.33788   105.26540   105.95160   111.08148   116.21146    99.79108   102.56504    98.90965 
   94.04303    92.66441    85.36491    86.27809    94.29586   109.54266    93.79461    79.46734 
   69.83440   100.01918   100.70361   101.95265   102.89195   102.85894    99.03359    99.51740 
  100.04856   100.11080    99.98052   100.05367   100.94727   101.82890   101.38954   100.73338 
  101.07550   102.12624   102.33485   101.22585   100.34036   100.35024   100.49397   102.65021 
  104.80927   102.79907   100.19887   100.39034   101.70818   100.96285    98.61955    97.16617 
   96.66925    96.45010    98.75124   100.92510    92.69807    84.35422    86.91584    91.48023 
   97.46936   104.33565   106.67616   104.59970   104.47717   107.85255   110.47602   109.94615 
  109.36606   106.20978   103.05284   105.64891   109.29263   105.53242    98.26273    95.19434 
   95.97402    96.58294    96.93404    95.95879    90.16299    85.30325    94.95577   104.60925 
  103.59727   101.46024   103.14094   106.06763   106.38158   104.87871   102.65630    99.59830 
   97.49146    97.73380    97.49854    93.90753    90.31633    97.37563   104.82602   100.54048 
   93.47728    91.84778    93.10390    96.48294   101.88456   105.32442   105.25221   106.20776 
  111.33484    97.15702    99.92935   102.70181    98.66665    93.80277    92.31685    85.02090 
   86.66228    94.67599   108.80460    93.06432    79.02507    69.39667   100.01918 