论文图与数据/底板探测数据/1-b2-3/di.grd
DSAA
101 37
0.000000 189.000000
-69.750000 0.000000
0.004090 12.817180
[rows 0 to 29 of 37, columns 0 to 65 of 101]
1.34974 1.35421 2.91983 2.88220 2.45779 1.74511 4.21730 3.78992 4.03191 4.06497 2.50265 2.50355 2.89707 3.17967 3.21797 3.40956 3.56911 3.98625 3.66532 3.70703 4.12472 3.65272 3.70380 2.54753 2.59079 2.61383 2.92899 2.85636 2.92268 3.66928 3.81675 3.75621 3.81422 3.74937 4.11966 3.67001 3.55813 3.30314 3.29927 2.98363 2.98682 2.88128 2.95101 3.07820 3.11484 3.19354 3.18007 3.10160 2.99241 3.06759 3.25152 3.42224 3.33206 3.33065 3.33798 3.36679 3.40118 3.44464 3.57429 3.68131 3.75357 3.91833 3.94631 4.13295 4.00855 4.10935
1.68810 1.70160 3.23646 3.21427 2.90063 2.16374 2.13431 3.39970 3.58820 3.67280 3.08960 2.82726 3.10527 3.29877 3.40465 3.45518 3.62717 3.83301 3.95344 3.70879 3.86503 3.88334 3.50330 3.51149 2.62113 2.67287 2.78113 2.90472 2.85489 3.91962 3.80270 3.97311 3.85598 3.95266 4.13944 3.82455 3.66692 3.22318 3.21431 3.14837 3.00381 2.95875 2.92410 3.02296 3.13611 3.24290 3.27964 3.02888 2.81888 2.86373 3.03296 3.14860 3.15262 3.13657 3.19666 3.25870 3.29858 3.35731 3.47303 3.57523 3.66330 3.87444 3.97783 4.23431 4.07383 4.19077
1.63176 1.65403 3.13475 3.15743 2.81855 2.16528 2.09864 1.64211 3.43505 3.45882 2.94248 3.00792 3.09040 3.27623 3.26698 3.37273 3.39496 3.60182 3.70478 3.92314 3.79106 3.75697 3.84221 3.41867 3.37388 2.61871 2.72961 2.76592 2.88677 3.84806 3.83844 3.74585 3.86754 3.81211 4.13143 3.74762 3.69998 3.23106 3.14414 2.93629 2.86385 2.81685 2.80222 2.86867 3.01251 3.32010 3.60428 3.11432 2.71565 2.81827 2.86200 2.90439 2.91037 2.94474 3.00582 3.12405 3.19175 3.27784 3.36810 3.46149 3.57073 3.82074 4.00580 4.21398 4.09410 4.40038
1.67668 1.76217 3.28039 3.22505 2.89874 2.26285 2.26507 1.78485 1.95262 3.50216 2.95165 3.07364 3.42866 3.42302 3.42072 3.40826 3.49454 3.55122 3.65305 3.85544 4.15946 3.86779 3.90768 3.91398 3.47039 3.51729 2.81079 2.85839 2.91705 4.01489 3.92890 4.01626 3.79508 3.92215 4.04808 3.84629 3.74265 3.19705 3.24020 3.02428 2.82674 2.67863 2.57826 2.62523 2.73325 3.19720 3.76337 3.50192 3.13327 2.83379 2.70680 2.65659 2.67314 2.75594 2.86569 2.97652 3.10689 3.16572 3.23228 3.27478 3.37573 3.61927 3.85886 4.11904 4.19996 4.49203
1.47722 1.43913 3.06776 2.99545 2.64703 1.99903 1.99742 1.59409 1.71237 1.69208 2.66742 2.73369 3.11672 3.37987 3.20068 3.20547 3.18751 3.29322 3.26731 3.46764 3.77291 3.90072 3.69324 3.70311 3.63609 3.30253 3.30369 2.65852 2.71590 3.57741 3.80582 3.80432 3.81566 3.62629 3.91155 3.67794 3.65629 3.25358 3.19476 2.99337 2.79950 2.57203 2.37915 2.36967 2.74549 3.09309 3.29925 3.55371 3.53093 3.06983 2.75143 2.53207 2.59552 2.67199 2.75746 2.85206 2.96361 3.08930 3.07232 3.08031 3.18075 3.44591 3.76752 4.10839 4.37522 4.60255
1.32400 1.33977 2.78990 2.87836 2.49981 1.83789 1.81954 1.41727 1.59094 1.53923 0.96540 2.52610 2.85658 3.15762 3.23314 3.09533 3.08126 3.09691 3.12045 3.18117 3.50643 3.64139 3.82541 3.59577 3.54617 3.55331 3.16751 3.30249 2.59945 3.45830 3.44213 3.69542 3.68427 3.66404 3.82987 3.66801 3.61042 3.32280 3.25174 3.13481 2.84997 2.51654 2.24622 2.18267 2.66313 2.88067 2.76007 3.05277 3.24612 3.35634 3.15901 2.83279 2.73362 2.66776 2.66492 2.67027 2.73667 2.85824 2.79943 2.75691 2.88937 3.19952 3.63620 4.07283 4.45145 4.69931
1.35674 1.36546 2.93135 2.77190 2.53092 1.87034 1.83334 1.42949 1.61522 1.60179 1.01691 1.03560 2.80836 3.06289 3.18164 3.27516 3.14004 3.15485 3.09335 3.20727 3.38357 3.55357 3.72993 3.87650 3.60905 3.62585 3.52730 3.31650 3.32126 3.50177 3.46600 3.58268 3.67470 3.65223 3.75177 3.68100 3.62611 3.42407 3.36916 3.30520 3.03785 2.47174 2.18120 2.17268 2.00861 2.25425 2.91649 2.50708 2.53001 3.30345 3.47852 3.52537 3.01295 2.78019 2.64449 2.46018 2.40617 2.47025 2.43474 2.39747 2.51800 2.90817 3.51729 4.17173 4.66703 4.90221
1.77869 1.82372 3.28534 3.32210 2.89500 2.30127 2.26165 1.84424 1.97894 1.99990 1.47471 1.46810 1.75488 3.34789 3.42905 3.56471 3.64631 3.54151 3.49829 3.49339 3.71941 3.76269 3.94014 4.11117 4.13796 3.95641 3.90173 3.83153 3.54268 3.90443 3.65899 3.83791 3.71594 3.71786 3.83847 3.76313 3.74257 3.50366 3.36292 3.39958 3.31559 2.41411 2.15084 1.99640 1.90528 1.85930 1.60814 2.35971 2.78187 2.52212 3.15337 3.63468 3.50335 3.18127 2.72339 2.31231 2.14822 2.22449 2.19946 2.14681 2.15362 2.61704 3.43405 4.39469 5.01678 5.17664
1.73875 1.73605 3.25076 3.17686 2.91061 2.19508 2.20751 1.78513 1.95160 1.89551 1.39931 1.44575 1.69789 1.90407 3.31987 3.41603 3.53596 3.64215 3.46386 3.50558 3.61607 3.70655 3.79321 3.97203 4.08814 4.16299 3.90738 3.84705 3.77181 3.83940 3.74676 3.70498 3.54772 3.57581 3.72630 3.79426 3.86944 3.58707 3.11663 2.96763 2.94381 3.25171 2.64478 1.85446 1.78577 1.68029 1.79008 1.86034 2.14265 2.89839 2.88929 2.82697 3.37891 3.20701 2.76550 2.37455 2.18010 2.25058 2.11932 2.03799 2.12318 2.50503 3.29811 4.90084 5.62025 5.43189
1.45964 1.58170 3.09503 3.02818 2.70430 2.10436 1.98729 1.63499 1.77794 1.75838 1.21945 1.26819 1.56800 1.74524 1.76982 3.15156 3.23302 3.37042 3.42679 3.36652 3.51697 3.51458 3.64873 3.75174 3.90224 4.04760 4.02550 3.79235 3.71351 3.69654 3.54969 3.43392 3.34364 3.33239 3.49025 3.71804 4.14152 3.90917 2.90097 2.83912 2.88505 2.90295 2.93225 2.87273 1.97952 1.67123 1.75225 1.80314 1.98858 2.18979 2.58183 2.90369 2.64400 2.66871 2.71506 2.68689 2.53753 2.16998 2.11233 2.07911 2.10487 2.48251 3.56221 5.66356 6.26854 5.27033
1.65342 1.66860 3.22259 3.22323 2.90552 2.27684 2.23658 1.77431 1.93302 1.92686 1.42592 1.40938 1.72718 1.94816 1.96780 2.02143 3.24690 3.35592 3.45277 3.59139 3.65266 3.71008 3.72205 3.88447 3.99145 4.12434 4.18277 4.09464 3.86128 3.74823 3.47043 3.26506 3.07211 3.00918 3.12129 3.36573 3.92184 4.08316 3.83047 3.22085 2.75545 2.67703 2.77589 2.87429 2.78370 2.39811 1.84490 1.82268 1.85544 1.91906 2.10190 2.27095 2.46920 2.54158 2.62003 2.80649 2.82541 2.58591 2.31994 2.10613 2.09749 2.20966 2.78978 4.32569 4.77180 4.06549
1.27839 1.34680 2.81211 2.83019 2.56057 1.95483 1.90807 1.53881 1.62869 1.61472 1.13083 1.16070 1.40092 1.64396 1.69204 1.72522 1.74837 2.95504 3.00782 3.16443 3.39265 3.44092 3.54034 3.62235 3.78220 3.92198 4.10070 4.08728 3.94372 3.68051 3.34309 3.01089 2.74929 2.61031 2.76111 3.10772 3.49453 3.86476 4.23286 3.87005 3.34674 2.78113 2.64986 2.74917 3.00301 2.93045 2.58136 2.06400 1.74444 1.80133 1.79689 1.83645 2.10222 2.25161 2.36299 2.48287 2.66005 2.89020 2.66357 2.36934 2.17135 1.99298 1.98981 2.31019 2.55320 2.69230
1.24744 1.25521 2.80581 2.71300 2.49538 1.90483 1.86027 1.46943 1.62927 1.54797 1.10579 1.11691 1.37772 1.54899 1.61810 1.68562 1.69122 1.71932 2.79835 2.91056 3.14395 3.28203 3.43850 3.55786 3.71735 3.90509 4.12060 4.22240 4.10535 3.71392 3.20516 2.77224 2.42921 2.16685 2.44351 3.03365 3.30925 3.51326 3.70402 4.04580 4.10082 3.38968 3.01283 2.80805 2.78815 2.89628 3.09066 2.54382 2.07527 1.78427 1.71885 1.75655 1.64880 1.81269 2.07771 2.22063 2.39007 2.66029 2.72518 2.68726 2.37620 2.03148 1.74577 1.50108 1.54503 1.86301
1.14354 1.10275 2.51792 2.58417 2.24202 1.73886 1.70392 1.32893 1.48650 1.45457 0.94814 1.00766 1.25199 1.43800 1.45097 1.55096 1.60144 1.62140 1.61190 2.61053 2.80851 2.95711 3.11342 3.34177 3.53685 3.78180 4.06801 4.32809 4.32124 3.79951 2.94782 2.43892 2.15152 1.80132 2.12650 2.83179 3.28311 3.43241 3.17221 3.63340 3.94091 4.14636 3.70750 3.05539 2.98942 2.78577 2.56707 2.79616 2.72013 2.03861 1.79404 1.63476 1.64577 1.74907 1.92527 2.19925 2.35536 2.15724 2.42244 2.59015 2.54937 2.23203 1.71771 1.79351 1.63947 1.39607
1.32421 1.36820 2.75242 2.64924 2.44544 1.84775 1.86695 1.51235 1.64893 1.61498 1.17779 1.13647 1.39893 1.57155 1.59646 1.62719 1.69455 1.75809 1.73152 1.76923 2.64558 2.75159 2.88246 3.04357 3.37022 3.62485 4.00131 4.48844 4.84536 4.18163 2.51362 2.04031 1.91913 1.69210 1.91002 2.39562 2.90380 3.23136 3.59460 3.40712 3.37844 3.75042 4.07516 4.37284 3.31435 2.78931 2.63555 2.48808 2.44307 2.64567 2.14145 1.67972 1.72163 1.73701 1.79492 1.76673 1.88838 2.46545 2.11101 1.94346 2.43450 2.51586 2.48330 2.02377 1.65753 1.43917
1.26986 1.28127 2.81860 2.61640 2.31739 1.79130 1.72478 1.43358 1.56291 1.53813 1.10799 1.13609 1.30980 1.49148 1.51935 1.56917 1.58108 1.64557 1.66482 1.68805 1.77675 2.51823 2.61625 2.74395 2.99375 3.20717 3.53278 4.07845 5.05340 4.56310 2.15878 1.69160 1.76881 1.49188 1.72272 2.24894 2.50546 2.78555 3.14247 3.32257 3.44982 3.33070 3.78495 4.20478 4.06309 3.47753 2.47386 2.50892 2.42325 2.20110 2.27873 2.37451 1.88367 1.77487 1.78032 1.81771 1.78436 1.53300 1.76918 2.03148 2.00523 2.37462 2.82692 2.33115 2.04045 1.71872
1.81506 1.84217 3.29534 3.24696 2.86719 2.29328 2.20687 1.87338 2.09989 1.96058 1.59326 1.63485 1.75885 1.91102 1.85058 1.93521 1.96349 1.88841 1.95948 2.08105 2.17279 2.22337 2.35669 2.43462 2.51620 2.58825 2.69242 2.82717 2.75481 2.11561 1.09018 1.21391 1.48017 1.22242 1.51626 2.10882 2.31683 2.46686 2.57146 2.98193 3.27782 3.41037 3.48765 3.53376 3.89985 3.80444 3.53283 2.81735 2.30725 2.15775 2.07160 2.06888 2.13119 1.99252 1.78924 1.63801 1.44768 1.23883 1.39121 1.65034 2.10407 2.09720 1.94721 2.58097 2.84422 2.92139
2.10391 1.89975 3.33452 3.21732 2.97201 2.29704 2.22734 1.91194 2.01947 2.04352 1.62666 1.62404 1.83112 1.94960 1.92731 1.95200 1.94150 1.97796 1.95810 1.97966 2.03791 2.05600 2.08612 2.10202 2.06885 1.98202 1.83104 1.54444 1.30945 1.04523 1.03632 1.04796 1.03152 0.94678 1.25705 1.82919 2.06636 2.22079 2.41390 2.58706 2.78877 3.08520 3.26949 3.42763 3.48716 3.58484 3.67154 3.33461 2.80782 2.05892 1.79760 1.78914 1.93230 1.93674 1.79583 1.50477 1.27937 1.26508 1.28485 1.39769 1.45261 1.66303 2.02547 2.58534 3.09313 3.44120
1.90656 1.95183 3.26944 3.07853 2.78602 2.24624 2.06544 1.72067 1.85459 1.80833 1.48781 1.49477 1.64853 1.77875 1.78333 1.77989 1.79041 1.76681 1.78934 1.77827 1.82291 1.81694 1.81699 1.79793 1.73395 1.57561 1.43706 1.27944 1.10775 1.03809 1.16290 1.07343 0.81684 0.47293 0.90801 1.47757 1.87190 1.96678 2.17548 2.28156 2.36968 2.52861 2.90673 3.31680 3.38292 3.34138 3.22193 3.26725 2.96419 2.20440 1.74793 1.57446 1.68072 1.82233 1.96164 2.04635 1.88841 1.45036 1.20845 1.05500 0.98164 1.37805 2.02536 2.50186 2.93267 3.23687
1.85880 1.72480 3.00310 2.96948 2.60651 2.04241 1.97588 1.54888 1.66878 1.61656 1.29178 1.32898 1.47443 1.58308 1.58313 1.59360 1.56546 1.56804 1.56545 1.57380 1.59011 1.57990 1.57266 1.54232 1.49677 1.44935 1.41572 1.40146 1.22358 1.11031 1.03716 0.97386 0.72349 0.30502 1.56639 2.91867 2.29726 1.70490 1.87264 2.06142 2.14600 2.16147 2.46773 2.88521 3.22411 3.16592 2.80323 2.76170 2.53367 2.15329 1.88959 1.77497 1.75208 1.88887 2.17321 2.50494 2.52481 2.05284 1.44983 0.96713 1.07746 1.30350 1.66601 2.15376 2.64040 3.02028
1.97785 1.95141 3.10557 2.96168 2.71353 2.10417 2.00235 1.70230 1.70467 1.64122 1.32987 1.32546 1.48028 1.55342 1.53769 1.51633 1.49202 1.47745 1.45131 1.43780 1.42150 1.38969 1.37401 1.37261 1.36147 1.44742 1.42014 1.29953 1.28747 1.19381 1.01818 0.88074 0.63081 0.53889 2.24795 4.76794 2.31804 1.33630 1.70007 1.88725 1.97105 2.06760 2.20277 2.36408 2.72456 2.75639 2.64174 2.41416 2.13812 1.81076 2.07600 2.42611 2.20520 2.21394 2.32276 2.33857 2.41240 2.72954 2.10220 1.55308 1.48660 1.33801 1.31410 1.68400 2.28484 3.10674
1.10184 1.18343 2.25117 2.21940 1.96858 1.46133 1.31555 1.03520 1.13787 1.04405 0.79212 0.80443 0.94349 1.06095 1.06823 1.09248 1.10641 1.12744 1.15750 1.19896 1.20998 1.21200 1.19890 1.32191 1.45276 1.32174 1.35942 1.52397 1.25689 1.13230 1.17643 0.99498 0.76221 0.69276 1.09320 0.99015 1.17910 1.05472 1.56042 1.69116 1.79407 1.87606 2.07672 2.32569 2.27289 2.22094 2.19079 2.28779 2.27100 1.98843 2.24223 2.64139 2.77171 2.69685 2.49497 2.35799 2.28781 2.08333 2.47965 2.70823 1.94927 1.68320 1.45171 1.66753 2.05085 2.60410
1.52662 1.08067 2.25608 2.08707 1.90979 1.42181 1.32195 0.99768 1.10487 1.05238 0.78424 0.80242 0.92417 1.01000 1.03102 1.04535 1.04578 1.04868 1.08524 1.16373 1.11255 1.08743 1.18459 1.25667 1.31989 1.40582 1.37258 1.20496 1.34211 1.29773 1.12315 1.10308 0.98676 0.51001 0.52322 0.71065 1.00959 1.16330 1.16547 1.44399 1.63696 1.75714 1.93662 2.12884 2.14406 2.00992 1.68771 2.19750 2.45147 2.49432 2.30637 2.26305 2.79311 2.80760 2.58709 2.32325 2.21197 2.47027 2.34219 2.38902 3.15687 2.82064 1.99669 2.09801 1.96030 1.82771
1.37738 1.50084 2.23044 2.10271 1.87849 1.42375 1.29828 1.05004 1.08510 1.04144 0.83427 0.82550 0.92667 0.99113 0.99548 1.00433 1.00295 0.96620 0.97796 1.04414 1.10384 1.14389 1.08485 1.20190 1.31367 1.26825 1.35311 1.48189 1.37805 1.24430 1.17012 1.04983 0.84058 0.57626 0.57074 0.80255 1.01122 1.17104 1.31616 1.37678 1.70186 1.78055 2.11924 1.97234 2.03101 2.02835 2.03293 2.11815 2.18909 2.10623 2.24160 2.48391 2.48466 2.56897 2.62582 2.66413 2.58621 2.18707 2.31010 2.53438 2.78254 3.51562 4.27394 2.86286 2.10844 1.91661
2.36811 1.29450 2.11938 2.00611 1.81154 1.37267 1.23232 1.01464 1.04678 0.97464 0.83229 0.83957 0.90815 0.94692 0.95617 0.96863 0.99732 0.99646 0.96078 0.89417 1.00286 1.10795 1.18986 1.20616 1.19521 1.25476 1.42582 1.63679 1.52657 1.31023 1.06369 1.02051 0.90718 0.61348 0.66829 0.96143 1.04142 1.16902 1.32435 1.39743 2.34969 4.94097 3.91048 2.09799 2.07838 2.10444 2.02103 2.05070 1.98609 1.77673 1.97411 2.26916 2.29785 2.39862 2.59026 2.87520 3.04857 3.02431 2.55638 2.30184 2.87220 3.56621 4.07756 4.34553 3.65419 2.09347
2.43576 2.21541 1.99563 1.91291 1.71953 1.33026 1.19401 0.96320 0.97598 0.93849 0.83157 0.85807 0.90116 0.91762 0.90992 0.90478 0.92455 1.01134 1.00059 0.91872 0.87909 0.92558 1.10052 1.23596 1.32518 1.31944 1.46256 1.64895 1.53473 1.30691 1.08405 1.04827 0.94917 0.65062 0.68222 0.96733 1.19685 1.37068 1.46180 1.55703 2.34705 3.97935 3.50442 2.27859 2.01806 1.95290 1.88375 1.96077 1.90260 1.64307 1.62467 1.74755 1.93846 2.13053 2.38034 2.67623 3.04252 3.42185 3.09428 2.80088 2.90581 3.48263 4.11132 4.54413 4.64391 4.39108
2.21314 2.27969 2.04926 1.79394 1.71812 1.29145 1.13892 0.92728 0.92214 0.89855 0.83350 0.87114 0.91152 0.90061 0.85348 0.86350 0.91012 0.97870 0.98446 0.96698 0.86960 0.83631 0.91213 1.17468 1.44686 1.46153 1.52398 1.56917 1.51006 1.33209 1.15654 1.09417 0.97585 0.67827 0.66099 0.92405 1.31979 1.61529 1.73823 1.73024 1.75011 1.51653 1.83657 1.98502 1.76707 1.71633 1.72408 1.82742 1.75032 1.52996 1.39323 1.37067 1.51179 1.76873 2.11816 2.43079 2.77517 3.13670 3.42352 3.70827 3.68634 4.00101 4.42831 4.44992 4.99266 5.72871
2.33964 2.07743 2.11395 1.83648 1.59018 1.25826 1.08889 0.88598 0.85877 0.85207 0.84334 0.89439 0.92235 0.88991 0.79586 0.87176 1.03477 1.04723 0.99567 0.91314 0.94410 0.97506 0.89957 1.06865 1.29911 1.52305 1.65799 1.65738 1.72707 1.51842 1.18792 1.13703 1.06274 0.72235 0.65817 0.90467 1.31962 1.72483 1.99514 1.93207 1.70153 1.43566 1.45530 1.58404 1.60409 1.85988 2.10702 1.98950 1.61569 1.43578 1.31767 1.34017 1.33071 1.56974 1.94802 2.37150 2.73302 2.87186 3.35533 4.12860 5.12306 4.47489 3.65579 4.43923 5.20831 4.90336
2.48357 2.19016 1.88333 1.87071 1.29486 1.19958 1.01459 0.84229 0.77915 0.80719 0.84069 0.90710 0.91087 0.86930 0.78699 0.87352 1.07645 1.29459 1.22455 0.89694 1.01257 1.10220 1.13830 1.11805 1.13484 1.35389 1.74821 2.22795 2.11054 1.74869 1.24004 1.20821 1.17539 0.84215 0.68461 0.81682 1.33744 1.83493 2.12884 2.17163 2.02069 1.57575 1.51722 1.56900 1.69451 2.19022 3.41956 3.00955 2.38699 1.68230 1.31159 1.36883 1.46570 1.62293 1.85319 2.17452 2.64351 3.28955 3.35793 3.89379 5.73778 3.99603 1.29874 3.28183 4.84385 5.37102
2.67727 2.34590 1.99835 1.66119 1.32882 1.04042 0.98215 0.78069 0.71641 0.77309 0.84058 0.86077 0.90485 0.87524 0.80388 0.87666 1.08557 1.39558 1.41750 1.29447 1.19447 1.18865 1.29049 1.34413 1.44361 1.53984 1.93447 2.55665 2.40793 2.02569 1.41593 1.40104 1.38844 0.97088 0.73342 0.83733 1.34218 1.90711 2.40265 2.19199 1.93832 2.08045 1.92542 1.82004 1.91540 2.01401 1.95057 4.44614 5.15003 2.06038 1.65078 1.56176 1.55956 1.70248 1.84466 1.97205 2.36917 3.14749 3.69087 4.58844 5.28327 3.60321 1.02051 2.34398 4.21692 6.09319
