doc/论文图与数据/探测数据/413/630m/cq.grd
DSAA
101 11
0.000000 69.750000
-3.487500 3.487500
58.590252 134.168152

  104.12090   105.53813   105.31441   104.51900   105.31600   101.93897    98.48553    99.15032 
  100.51654   104.42410    99.57861    96.71729    99.10619   101.55480   101.43591   101.15688 
  101.07961   101.05540   100.96817   100.74911   100.53983   100.40024   100.26039   100.27380 
  100.27220    99.87116    99.36583    99.18050    99.27728    98.98578    97.87891    97.22851 
   98.91437   100.59306   100.58654   100.54711    99.68759    98.68018    98.57016    98.90014 
   99.26244    99.71033   101.02949   104.05003   106.13160   103.51102   100.82567    94.98151 
   89.13629    93.94900   100.66447   106.35999   111.35594   110.66165   105.40423    98.48331 
   88.82489    83.08553    90.81247    97.66658    89.04658    80.42591    89.24792   100.21218 
  107.55398   113.53804   116.85489   118.42720   117.61116   113.31511   105.89998    91.11662 
   79.73148    91.21465   102.69855   102.36220   101.70898    98.08315    93.75008    97.79439 
  106.28262   110.79932   111.18764   108.12846    98.91565    92.00900    94.42977    90.69015 
   96.49499   102.29999   104.37982   106.04837    88.08269    60.46307    61.39687    82.60815 
  100.62898   122.32151   130.94357   105.68006    99.95424   102.46970   104.06293   105.79337 
  105.01683   104.14333   104.19900   100.53437    98.52121    99.93671   106.83872   101.84865 
   96.72542    98.20332   100.71277   101.54031   101.25451   101.08643   101.06182   101.01662 
  100.79536   100.57378   100.42697   100.28602   100.26513   100.26418    99.95717    99.44876 
   99.17155    99.26847    99.13051    98.01959    97.01633    98.70790   100.40002   100.58508 
  100.54583    99.80006    98.78996    98.53188    98.86282    99.22347    99.67207   100.73886 
  103.76546   106.36588   103.74075   101.11533    95.49524    89.64026    93.39143   100.11693 
  105.90302   110.90787   111.11327   105.84752    99.26027    89.58829    82.49363    90.23045 
   97.96783    89.60463    80.97617    88.52850    99.50304   107.15405   113.14397   116.77552 
  118.34867   117.84697   113.54819   106.84541    92.04882    79.02071    90.51350   102.00673 
  102.40283   101.74905    98.32225    93.98628    97.34889   105.84229   110.75742   111.14648 
  108.62135    99.40271    91.88596    94.30810    96.73029    96.19253   102.00101   104.30237 
  105.97172    89.42966    61.79538    60.38699    81.60878    99.61183   121.31506   132.10402 
  106.82862    99.95424   111.12148   102.79851   104.68362   105.42586   104.51181   106.06661 
  102.20860    98.28998    99.47170   100.93964   103.67693    98.40256    97.48388   100.04398 
  101.62320   101.33183   101.09183   101.06689   101.04190   100.83166   100.60847   100.44792 
  100.30611   100.25824   100.25780   100.02444    99.51360    99.16461    99.26163    99.24345 
   98.12937    97.01506    98.54683   100.24320   100.58390   100.54480    99.88776    98.87555 
   98.50204    98.83371    99.19312    99.64228   100.51242   103.54372   106.54836   103.91971 
  101.29088    95.89542    90.03279    92.95718    99.69050   105.54700   110.55886   111.46507 
  106.19275    99.86539    90.18279    82.03275    89.77725    97.52209    90.03903    81.40448 
   87.96852    98.95100   106.84272   112.83719   116.71380   118.28757   118.03049   113.72950 
  107.58128    92.77447    78.46742    89.96768   101.46826   102.43445   101.78026    98.50832 
   94.17010    97.00223   105.49963   110.72481   111.11443   109.00491    99.78176    91.79021 
   94.21342    96.63665    95.95718   101.76833   104.24210   105.91209    90.47754    62.83242 
   59.60101    80.83111    98.82040   120.53170   133.00687   107.72234    99.95424   115.23317 
  101.81365   103.83694   105.73961   104.78482   103.83209   103.45380    99.40771    99.13136 
  100.62695   105.01971    99.62880    96.96014    99.55840   101.68336   101.38785   101.09191 
  101.07056   101.04535   100.85775   100.63341   100.46298   100.32053   100.25325   100.25320 
  100.07272    99.56012    99.15965    99.25674    99.32433    98.20796    97.09150    98.43153 
  100.13095   100.58305   100.54405    99.95051    98.93678    98.48068    98.81289    99.17142 
   99.62097   100.35045   103.38515   106.41995   104.04768   101.41640    96.18158    90.31350 
   92.64668    99.38562   105.29237   110.30928   111.71660   106.43962   100.29799    90.60783 
   81.70327    89.45329    97.20345    90.34951    81.71059    87.56819    98.55650   106.62020 
  112.61790   116.66969   118.24393   118.16161   113.85910   108.10728    93.29307    78.47871 
   89.57764   101.08340   102.45705   101.80254    98.64129    94.30145    96.75452   105.25475 
  110.70146   111.09151   109.27899   100.05264    91.72178    94.14575    96.56973    95.78900 
  101.60207   104.19906   105.86948    91.22658    63.57307    59.03958    80.27543    98.25492 
  119.97216   133.65184   108.36095    99.95424   117.80908   101.22504   103.30344   105.43480 
  104.95294   103.98306   104.22280   100.09409    98.92367   100.43665   105.84122   100.37656 
   96.64177    99.26376   101.71985   101.42178   101.12360   101.07278   101.04742   100.87347 
  100.64842   100.47205   100.32922   100.25022   100.25040   100.10178    99.58809    99.15668 
   99.25380    99.35092    98.25520    97.13744    98.36224   100.06351   100.58253   100.54360 
   99.98820    98.97357    98.46785    98.80037    99.15839    99.60818   100.25317   103.28990 
  106.32667   104.12451   101.49178    96.35342    90.48203    92.46026    99.20255   105.13950 
  110.15939   111.86762   106.58783   100.55775    90.86301    81.50546    89.25880    97.01216 
   90.53587    81.89433    87.32797    98.31969   106.48661   112.48631   116.64323   118.21771 
  118.24031   113.93687   108.42296    93.60435    78.78573    89.34354   100.85245   102.47062 
  101.81593    98.72110    94.38029    96.60584   105.10777   110.68747   111.07777   109.44347 
  100.21523    91.68071    94.10515    96.52960    95.68804   101.50228   104.17322   105.84391 
   91.67588    64.01783    58.70253    79.94186    97.91563   119.63620   134.03894   108.74417 
   99.95424   118.68775   107.28233   103.12088   105.27811   105.00975   104.03393   104.48302 
  100.32563    98.85382   100.37276   106.11781   100.62788    96.53493    99.16500   101.73208 
  101.43314   101.13422   101.07353   101.04813   100.87872   100.65343   100.47507   100.33211 
  100.24921   100.24947   100.11147    99.59743    99.15569    99.25282    99.34996    98.27097 
   97.15276    98.33914   100.04100   100.58236   100.54345   100.00079    98.98585    98.46356 
   98.79620    99.15405    99.60392   100.22072   103.25815   106.29557   104.15013   101.51691 
   96.41069    90.53823    92.39807    99.14153   105.08851   110.10942   111.91799   106.63725 
  100.64436    90.94813    81.43949    89.19392    96.94839    90.59801    81.95557    87.24786 
   98.24075   106.44208   112.44240   116.63438   118.20898   118.26656   113.96281   108.52823 
   93.70817    78.88803    89.26550   100.77540   102.47514   101.82039    98.74769    94.40658 
   96.55632   105.05880   110.68282   111.07317   109.49834   100.26940    91.66702    94.09161 
   96.51620    95.65438   101.46903   104.16463   105.83537    91.82576    64.16590    58.59025 
   79.83069    97.80254   119.52429   134.16815   108.87200    99.95424   117.80908   101.22504 
  103.30344   105.43480   104.95294   103.98306   104.22280   100.09409    98.92367   100.43665 
  105.84122   100.37656    96.64177    99.26376   101.71985   101.42178   101.12360   101.07278 
  101.04742   100.87347   100.64842   100.47205   100.32922   100.25022   100.25040   100.10178 
   99.58809    99.15668    99.25380    99.35092    98.25520    97.13744    98.36224   100.06351 
  100.58253   100.54360    99.98820    98.97357    98.46785    98.80037    99.15839    99.60818 
  100.25317   103.28990   106.32667   104.12451   101.49178    96.35342    90.48203    92.46025 
   99.20255   105.13950   110.15939   111.86762   106.58783   100.55775    90.86301    81.50546 
   89.25880    97.01216    90.53587    81.89433    87.32797    98.31969   106.48661   112.48631 
  116.64323   118.21771   118.24031   113.93687   108.42296    93.60435    78.78573    89.34354 
  100.85245   102.47062   101.81593    98.72110    94.38029    96.60584   105.10777   110.68747 
  111.07777   109.44347   100.21523    91.68071    94.10515    96.52960    95.68804   101.50228 
  104.17322   105.84391    91.67588    64.01783    58.70253    79.94186    97.91563   119.63620 
  134.03894   108.74417    99.95424   115.23317   101.81365   103.83694   105.73961   104.78482 
  103.83209   103.45380    99.40771    99.13136   100.62695   105.01971    99.62880    96.96014 
   99.55840   101.68336   101.38785   101.09191   101.07056   101.04535   100.85775   100.63341 
  100.46298   100.32053   100.25325   100.25320   100.07272    99.56012    99.15965    99.25674 
   99.32433    98.20796    97.09150    98.43153   100.13095   100.58305   100.54405    99.95051 
   98.93678    98.48068    98.81289    99.17142    99.62097   100.35045   103.38515   106.41995 
  104.04768   101.41640    96.18158    90.31350    92.64668    99.38562   105.29237   110.30928 
  111.71660   106.43962   100.29799    90.60783    81.70327    89.45329    97.20345    90.34951 
   81.71059    87.56819    98.55650   106.62020   112.61790   116.66969   118.24393   118.16161 
  113.85910   108.10728    93.29307    78.47871    89.57764   101.08340   102.45705   101.80254 
   98.64129    94.30145    96.75452   105.25475   110.70146   111.09151   109.27899   100.05264 
   91.72178    94.14575    96.56973    95.78900   101.60207   104.19906   105.86948    91.22658 
   63.57307    59.03958    80.27543    98.25492   119.97216   133.65184   108.36095    99.95424 
  111.12148   102.79851   104.68362   105.42586   104.51181   106.06661   102.20860    98.28998 
   99.47170   100.93964   103.67693    98.40256    97.48388   100.04398   101.62320   101.33183 
  101.09183   101.06689   101.04190   100.83166   100.60847   100.44792   100.30611   100.25824 
  100.25780   100.02444    99.51360    99.16461    99.26163    99.24345    98.12937    97.01506 
   98.54683   100.24320   100.58390   100.54480    99.88776    98.87555    98.50204    98.83371 
   99.19312    99.64228   100.51242   103.54372   106.54836   103.91971   101.29088    95.89542 
   90.03279    92.95718    99.69050   105.54700   110.55886   111.46507   106.19275    99.86539 
   90.18279    82.03275    89.77725    97.52209    90.03903    81.40448    87.96852    98.95100 
  106.84272   112.83719   116.71380   118.28757   118.03049   113.72950   107.58128    92.77447 
   78.46742    89.96768   101.46826   102.43445   101.78026    98.50832    94.17010    97.00223 
  105.49963   110.72481   111.11443   109.00491    99.78176    91.79021    94.21342    96.63665 
   95.95718   101.76833   104.24210   105.91209    90.47754    62.83242    59.60101    80.83111 
   98.82040   120.53170   133.00687   107.72234    99.95424   102.46970   104.06293   105.79337 
  105.01683   104.14333   104.19900   100.53437    98.52121    99.93671   106.83872   101.84865 
   96.72542    98.20332   100.71277   101.54031   101.25451   101.08643   101.06182   101.01662 
  100.79536   100.57378   100.42697   100.28602   100.26513   100.26418    99.95717    99.44876 
   99.17155    99.26847    99.13051    98.01959    97.01633    98.70790   100.40002   100.58508 
  100.54583    99.80006    98.78996    98.53188    98.86282    99.22347    99.67207   100.73886 
  103.76546   106.36588   103.74075   101.11533    95.49524    89.64026    93.39143   100.11693 
  105.90302   110.90787   111.11327   105.84752    99.26027    89.58829    82.49363    90.23045 
   97.96783    89.60463    80.97617    88.52850    99.50303   107.15405   113.14397   116.77552 
  118.34867   117.84697   113.54819   106.84541    92.04882    79.02071    90.51350   102.00673 
  102.40283   101.74905    98.32225    93.98628    97.34889   105.84229   110.75742   111.14648 
  108.62135    99.40271    91.88596    94.30810    96.73029    96.19253   102.00101   104.30237 
  105.97172    89.42966    61.79538    60.38699    81.60878    99.61183   121.31506   132.10402 
  106.82862    99.95424   104.12090   105.53813   105.31441   104.51900   105.31600   101.93897 
   98.48553    99.15032   100.51654   104.42410    99.57861    96.71729    99.10619   101.55480 
  101.43591   101.15688   101.07961   101.05540   100.96817   100.74911   100.53983   100.40024 
  100.26039   100.27380   100.27220    99.87116    99.36583    99.18050    99.27728    98.98578 
   97.87891    97.22851    98.91437   100.59306   100.58654   100.54711    99.68759    98.68018 
   98.57016    98.90014    99.26244    99.71033   101.02949   104.05003   106.13160   103.51102 
  100.82567    94.98151    89.13629    93.94900   100.66447   106.35999   111.35594   110.66165 
  105.40423    98.48331    88.82489    83.08553    90.81247    97.66658    89.04658    80.42591 
   89.24792   100.21218   107.55398   113.53804   116.85489   118.42720   117.61116   113.31511 
  105.89998    91.11662    79.73148    91.21465   102.69855   102.36220   101.70898    98.08315 
   93.75008    97.79439   106.28262   110.79932   111.18764   108.12846    98.91565    92.00900 
   94.42977    90.69015    96.49499   102.29999   104.37982   106.04837    88.08269    60.46307 
   61.39687    82.60815   100.62898   122.32151   130.94357   105.68006    99.95424 