doc/论文图与数据/探测数据/413/630m/di.grd
DSAA
101 37
3.500000 74.000000
-25.875000 0.000000
7.701837 20.840086
[rows 0 to 27 of 37, columns 0 to 62 of 101]
13.43095 13.45442 14.18376 14.17930 13.83742 12.90723 12.87356 12.98051 12.56189 12.34316 12.14526 12.36103 12.37456 13.13113 13.51891 14.96267 14.94505 14.92017 14.51181 14.63980 14.92179 15.03702 14.91568 15.00171 14.67534 14.82462 15.00056 15.02709 15.01777 15.07774 14.99418 15.08803 14.83178 14.89800 15.28395 15.42963 15.90001 15.82190 15.87984 15.84476 15.86782 15.87828 15.84326 15.75638 15.73043 15.80799 15.89364 15.88601 15.75424 15.60497 15.26686 15.04665 15.05299 15.12170 15.22799 15.31272 15.37548 15.35003 15.29195 15.21170 15.12522 15.01168 14.83888
14.07507 13.85549 13.88562 14.62324 14.62419 13.42387 13.41314 13.41832 13.41219 12.74905 12.76003 12.72582 12.72381 13.47338 13.50142 15.17131 15.14641 15.11144 14.62786 14.73450 15.16726 15.16781 15.01857 15.03127 14.75670 14.78967 14.95679 15.00317 14.79183 14.93817 14.73266 14.96812 15.16403 15.05911 15.13422 15.68239 15.74976 15.83864 15.75035 15.74379 15.84441 15.81373 15.74347 15.62059 15.54645 15.62241 15.83390 15.93523 15.61596 15.26710 15.09614 14.98129 15.05676 15.14287 15.29636 15.43255 15.50144 15.49957 15.38688 15.26737 15.15039 14.97191 14.77209
14.40744 14.19498 13.98876 14.02139 14.73848 14.01486 13.56337 13.64067 13.55253 13.26954 12.90452 13.13142 12.86767 13.58381 13.61372 15.06693 15.19883 15.17668 14.71772 14.73261 15.05680 15.23506 15.15745 15.06669 14.80788 14.85434 14.95493 15.02430 14.85323 14.90878 14.78039 14.87246 15.18400 15.26989 15.19588 15.47033 15.75039 15.79825 15.83040 15.79529 15.83983 15.80391 15.69328 15.46466 15.20882 15.19813 15.51180 15.74382 15.41418 15.09052 15.11160 15.15761 15.30186 15.38748 15.52095 15.63319 15.67813 15.64493 15.53805 15.36676 15.17685 14.99390 14.80347
14.32725 14.34322 14.13690 13.92791 13.96120 13.92464 13.90940 13.55027 13.54260 13.16041 13.16913 13.01862 13.03440 13.47520 13.50852 14.95610 14.93124 15.06580 14.65352 14.63787 14.94829 14.96791 15.06032 15.06354 14.70482 14.73923 14.84541 14.86870 14.71534 14.80101 14.64215 14.76569 15.04061 15.15234 15.24032 15.37517 15.46266 15.70582 15.79548 15.73629 15.81472 15.82425 15.71574 15.34092 14.75500 14.51254 14.92965 15.29065 15.21755 15.10341 15.36388 15.67297 15.74232 15.84532 15.84091 15.85819 15.86000 15.80930 15.64849 15.38224 15.11851 14.89380 14.74016
14.58503 13.89352 13.90608 13.72476 13.52145 13.30041 13.54057 13.61458 13.18031 12.97103 12.81780 13.01106 12.68436 13.33273 13.15151 14.54329 14.51263 14.48527 14.29543 14.30075 14.56936 14.56672 14.51653 14.69902 14.37713 14.41446 14.52378 14.54601 14.36641 14.49786 14.38866 14.47044 14.77922 14.86085 14.96757 15.05161 15.30518 15.44508 15.55000 15.64717 15.73353 15.84601 15.87985 15.37552 14.39598 13.97080 14.35109 14.80667 15.10999 15.34133 15.63153 15.92010 16.02443 16.06453 16.02239 15.94513 15.97089 16.00742 15.77257 15.36304 15.03008 14.79879 14.58988
14.90595 14.92623 14.26738 14.28575 14.07673 13.66558 13.65773 13.97210 13.95999 13.33639 13.34398 13.33499 13.34958 13.66613 13.69122 14.73597 14.77260 14.75173 14.34060 14.56152 14.81030 14.83677 14.83142 14.74577 14.62035 14.65149 14.70463 14.73084 14.58311 14.63752 14.58137 14.63143 14.74657 14.85485 14.93492 15.01003 15.09945 15.28399 15.38123 15.46468 15.58540 15.68861 15.76839 15.20724 13.99434 13.50146 14.04003 14.62508 15.10924 15.48036 15.78760 16.08507 16.12480 16.10141 16.10228 16.06774 16.06319 16.01419 15.65705 15.13771 14.78030 14.57261 14.42756
14.39601 14.86188 14.88153 14.22955 14.24732 13.97831 13.59835 13.67471 13.92069 13.64308 13.28864 13.47664 13.28488 13.88083 13.62773 14.89569 14.60814 14.64675 14.26132 14.27845 14.73112 14.72946 14.74274 14.74519 14.39602 14.55945 14.61087 14.62752 14.54083 14.54514 14.42085 14.57784 14.65128 14.72101 14.81511 14.87583 14.95093 15.06947 15.16751 15.22689 15.29917 15.28921 15.07120 14.47555 13.59790 13.29970 14.10705 14.92854 15.19706 15.37363 15.78852 16.17560 16.12878 15.89393 16.14161 16.46079 16.18794 15.63925 15.17126 14.73327 14.40739 14.29808 14.22247
14.44557 14.46493 14.92037 14.93745 14.28901 13.93144 14.00324 13.71679 13.70964 13.69784 13.69646 13.51872 13.52539 13.91963 13.93526 14.88780 14.84717 14.57496 14.27206 14.28454 14.59698 14.73767 14.68746 14.73058 14.45305 14.43553 14.59248 14.60968 14.51872 14.56608 14.41652 14.49278 14.59769 14.65583 14.70559 14.74543 14.79078 14.87065 14.91995 14.87502 14.79297 14.76005 14.63117 14.15040 13.45524 13.37001 14.26540 15.11799 15.36245 15.47857 15.70352 15.94326 16.16650 16.30849 16.30016 16.19068 15.86532 15.38950 14.89816 14.41118 14.10434 14.04536 14.02249
14.38326 14.49072 14.50869 14.94555 14.96013 13.96298 13.93550 14.09272 13.73039 13.59372 13.72497 13.85535 13.54327 14.07478 13.93791 15.04002 14.80080 14.75767 14.22690 14.25533 14.55943 14.55396 14.64083 14.63065 14.40324 14.42058 14.49201 14.53571 14.40939 14.45710 14.35395 14.42335 14.50291 14.54214 14.56657 14.57018 14.57097 14.58880 14.62781 14.50556 14.30154 14.37426 14.52200 14.19321 13.51128 13.43680 14.42259 15.33858 15.45969 15.54230 15.63835 15.68525 16.15476 16.66549 16.26159 15.68648 15.38888 15.13812 14.72492 14.23239 13.92317 13.85871 13.84064
14.74295 14.32920 14.43154 14.44859 14.88059 14.71191 13.86615 13.87425 14.00680 13.51593 13.51955 13.78682 13.78314 14.00165 14.00450 14.92232 14.86754 14.63314 14.19110 14.12780 14.45065 14.44148 14.46881 14.51025 14.33179 14.30230 14.31693 14.36389 14.27697 14.31046 14.23286 14.29815 14.37193 14.41510 14.41384 14.36693 14.31567 14.24944 14.18465 14.16901 14.14790 14.35258 14.64154 14.38511 13.69361 13.60981 14.46498 15.29151 15.40716 15.32292 15.69034 16.02589 15.97232 15.83109 15.68833 15.45827 15.12637 14.72279 14.42382 14.25813 14.01951 13.68829 13.56303
14.45359 14.47887 14.08655 14.18967 14.20830 14.44860 14.41113 13.63630 13.61348 13.55937 13.27163 13.47142 13.56476 14.03224 13.78313 14.82946 14.60437 14.55116 13.96186 13.96238 14.17005 14.22404 14.25512 14.24348 14.12812 14.14027 14.11843 14.12207 14.08553 14.11675 14.07278 14.13036 14.21285 14.27868 14.28535 14.12973 13.97252 13.93087 13.96512 14.09551 14.24842 14.55196 14.86257 14.56452 13.79115 13.62467 14.37310 15.18291 15.54431 15.65894 15.76422 15.78933 15.53737 15.23041 15.11942 15.04303 14.84308 14.55305 14.28372 14.06519 13.83501 13.61130 13.54274
14.35468 14.71302 14.73598 14.35207 14.44917 14.34129 14.62580 14.61024 13.83643 13.73475 13.73361 13.63956 13.64184 14.19363 14.18066 14.92616 14.84796 14.61218 14.23547 14.03955 14.30032 14.21371 14.29539 14.27688 14.10374 14.12268 14.09690 14.08427 14.00564 14.01540 13.98233 14.01157 14.06118 14.12640 14.22430 13.87944 13.57541 13.71511 13.96164 14.28588 14.57538 14.90317 15.14460 14.71823 13.73228 13.43637 14.24328 15.05095 15.67655 16.25499 15.64735 15.18677 15.00683 14.75321 14.66111 14.59305 14.54400 14.49677 14.21692 13.75040 13.48786 13.54399 13.61838
14.26943 14.29352 14.64262 14.66516 14.28433 14.25379 14.20530 14.52850 14.49038 13.65504 13.64057 13.78925 13.55603 14.04217 14.10118 14.93745 14.71233 14.62718 14.10948 14.08706 14.16572 14.14426 14.14349 14.14274 13.98384 13.98315 13.96701 13.94583 13.87140 13.86554 13.82970 13.84066 13.85398 13.84659 13.77617 13.61176 13.47129 13.71596 14.15297 14.62430 15.13881 15.38088 15.28244 14.67426 13.62353 13.31035 14.27791 15.18600 15.29355 15.18448 15.09679 14.92811 14.61903 14.31392 14.28563 14.35323 14.28145 14.12864 13.91497 13.67796 13.47606 13.30931 13.29113
15.33875 13.84896 13.87644 14.22482 14.25120 13.95354 13.82092 13.77688 14.11331 13.93266 13.29909 13.43478 13.44740 13.72042 13.71486 14.59995 14.50389 14.28638 13.86981 13.78589 13.88550 13.86560 13.83014 13.88852 13.77796 13.79230 13.79057 13.76761 13.70853 13.70435 13.67071 13.65074 13.63542 13.61247 13.55159 13.51046 13.51005 13.86363 14.37900 14.82331 15.26164 15.46244 15.34880 14.74148 13.69933 13.32619 14.16729 14.90733 14.72431 14.41099 14.45986 14.47086 14.26572 14.03555 14.01356 14.04827 13.91807 13.69243 13.53137 13.46310 13.32655 13.09706 13.04562
15.30252 15.25098 13.81040 13.83792 14.17601 14.05242 13.83860 13.71502 13.68144 13.86266 13.84624 13.38296 13.37561 13.82205 13.65443 14.47233 14.39083 14.28048 13.75676 13.71406 13.74680 13.72904 13.70036 13.72026 13.69061 13.71492 13.71741 13.67157 13.61610 13.60787 13.58100 13.50486 13.44103 13.54075 13.55708 13.63785 13.70315 14.07014 14.58689 14.80530 14.84895 15.11338 15.35946 14.89422 13.89745 13.45357 13.81040 14.23614 14.16558 13.95736 13.95195 13.88900 13.90748 13.92908 13.79748 13.66263 13.51873 13.25754 13.10718 13.08538 12.99501 12.88830 12.91744
15.59616 15.13814 15.08045 13.70916 13.73767 13.92216 13.88428 13.71785 13.59659 13.58977 13.73154 13.79038 13.29678 13.71935 13.70171 14.31750 14.20445 14.11609 13.66724 13.54342 13.59258 13.53472 13.53367 13.57841 13.59326 13.64351 13.64193 13.57858 13.51898 13.53255 13.52868 13.45623 13.45219 13.68557 13.89884 13.93843 13.99910 14.21565 14.51208 14.63993 14.61818 14.91965 15.35242 14.89888 13.66713 13.03327 13.34362 13.71963 13.68589 13.55087 13.59952 13.65430 13.57417 13.46070 13.45252 13.46532 13.31736 13.05821 12.84044 12.68393 12.55859 12.49702 12.57562
14.44245 15.39184 14.93779 14.87336 13.57899 13.66079 13.72067 13.62873 13.56592 13.48321 13.47270 13.65265 13.64816 13.62489 13.60286 14.24486 14.03270 13.89423 13.50715 13.40938 13.37341 13.33140 13.32849 13.40635 13.49818 13.61548 13.62286 13.51861 13.44733 13.47158 13.50971 13.52082 13.59064 13.92820 14.22012 14.16947 14.14225 14.23993 14.41424 14.55422 14.58432 14.82871 15.15285 14.57107 13.12391 12.39701 12.84078 13.31464 13.31241 13.21129 13.32074 13.41912 13.25185 13.03644 13.09752 13.22984 13.11049 12.86616 12.59523 12.31839 12.13581 12.07756 12.19548
14.41810 14.38525 15.29144 14.83539 14.76257 13.59377 13.54194 13.55134 13.53762 13.44408 13.41200 13.51760 13.59332 13.78898 13.57409 14.10614 14.02231 13.78368 13.44069 13.24813 13.15629 13.07810 13.07834 13.18754 13.35259 13.58846 13.62720 13.47367 13.39846 13.40690 13.44927 13.66418 13.91914 14.11273 14.32285 14.17331 14.03706 14.16733 14.31404 14.56370 14.85401 14.82829 14.49995 13.71577 12.50257 11.88280 12.39409 12.92406 13.03617 13.03735 13.04567 13.05130 12.92992 12.79376 12.79221 12.83623 12.75675 12.58135 12.31151 11.99729 11.79619 11.74751 11.86614
14.45428 14.42292 14.38477 15.19058 14.73806 13.84074 13.49914 13.42710 13.48695 13.62241 13.41862 13.51353 13.52341 13.74869 13.73727 14.05842 13.91984 13.73787 13.33397 13.11075 12.90391 12.75431 12.73967 12.88305 13.10469 13.32243 13.40239 13.34549 13.34088 13.43499 13.56425 13.72345 13.90166 14.05840 14.15168 13.98741 13.83302 14.11938 14.55984 14.62177 14.45562 14.25640 13.91002 13.11615 11.99436 11.52257 12.09029 12.68140 12.78103 12.73612 12.73287 12.71590 12.60753 12.48785 12.46038 12.46710 12.38000 12.19615 11.96778 11.74251 11.58115 11.52383 11.63479
12.99931 14.27132 14.23033 14.18076 14.90776 13.62857 13.55364 13.25532 13.22469 13.41897 13.42074 13.40040 13.40175 13.70752 13.59691 13.97674 13.84937 13.66606 13.26615 12.95442 12.60231 12.32303 12.29781 12.50728 12.78527 13.01074 13.12137 13.14240 13.21179 13.42963 13.62918 13.65042 13.70151 13.80832 13.88569 13.74271 13.55573 13.97473 14.61701 14.39312 13.79525 13.55438 13.41528 12.71702 11.58827 11.13709 11.85632 12.54845 12.50870 12.38190 12.40535 12.40609 12.27305 12.12814 12.10007 12.11953 12.02556 11.82409 11.63641 11.50189 11.39414 11.34349 11.44764
13.00109 12.97756 14.20732 14.15484 14.09191 14.11838 13.47701 13.45444 13.14356 13.27704 13.32324 13.43916 13.34080 13.62472 13.64496 13.90210 13.80712 13.64025 13.26987 12.86959 12.33101 11.78425 11.80355 12.13614 12.50008 12.80625 12.93299 12.90680 12.97486 13.26093 13.48477 13.41416 13.40073 13.47745 13.45931 13.52137 13.62963 13.65192 13.68909 13.60184 13.33292 13.16101 12.98539 12.33544 11.33201 10.94759 11.57650 12.19039 12.20472 12.07821 12.09262 12.10275 11.93075 11.73844 11.72878 11.77624 11.71069 11.55418 11.38301 11.23153 11.14956 11.17119 11.29794
13.71210 12.93310 12.90089 14.04676 13.97455 13.50665 13.82197 13.25728 13.19116 13.11261 13.09968 13.22925 13.24592 13.49829 13.53602 13.78810 13.75714 13.64262 13.34538 12.92258 12.20432 11.52285 11.50096 11.90212 12.30623 12.60971 12.72153 12.67107 12.69670 12.87456 13.01844 12.99898 13.02943 13.24574 13.36898 13.23595 13.07867 13.00193 12.97429 12.93176 12.83134 12.80901 12.76083 12.15984 11.11166 10.71338 11.32278 11.90948 11.93873 11.80303 11.77993 11.76111 11.58813 11.40521 11.39723 11.46003 11.42895 11.31511 11.16519 11.02160 10.97279 11.04260 11.19320
14.02307 13.85395 13.13942 13.10458 14.16859 13.69038 13.55595 13.43516 13.21694 13.06571 13.08477 13.14225 13.14721 13.33707 13.36804 13.62002 13.69333 13.65651 13.36956 12.99981 12.06118 11.26905 11.25846 11.72560 12.10786 12.35137 12.43611 12.36889 12.34772 12.36866 12.42538 12.56167 12.59319 13.00037 13.40504 12.75839 12.16918 12.23071 12.40074 12.40540 12.33299 12.43928 12.61990 12.10530 10.89414 10.41228 11.18238 11.82419 11.75785 11.53756 11.46957 11.43744 11.25097 11.08824 11.11162 11.19178 11.17879 11.09774 10.97495 10.86343 10.86097 10.97448 11.15048
13.47994 13.87599 13.69582 13.10286 13.05620 13.62113 13.47113 13.21593 13.22915 12.94816 12.91673 12.98817 12.96956 13.08688 13.08361 13.29363 13.49929 13.63446 13.17589 12.45954 11.60945 10.92402 10.90174 11.35328 11.71634 11.89618 11.94963 11.92079 11.91671 11.89786 11.97604 12.31297 12.59726 12.50413 12.30661 11.98072 11.63019 11.63147 11.79475 11.87367 11.91158 12.05156 12.16975 11.71271 10.79363 10.54845 11.22594 11.77697 11.73455 11.36915 11.19470 11.05853 10.92573 10.83485 10.87371 10.95868 10.96070 10.87476 10.78009 10.75019 10.84419 10.99231 11.17030
13.83702 13.63694 13.96467 13.77505 13.28368 13.41295 13.57131 13.30306 13.18946 12.93402 12.88691 12.84139 12.79527 12.79399 12.63871 12.69343 12.97304 13.19445 12.69277 11.88636 11.00454 10.32784 10.33289 10.80818 11.16373 11.30708 11.33395 11.29183 11.35727 11.55403 11.74114 11.93537 12.05201 11.81946 11.51222 11.27394 11.05911 11.10092 11.27378 11.35425 11.39007 11.54169 11.67508 11.27360 10.48919 10.49008 11.56568 12.36371 12.08262 11.41248 11.08880 10.83398 10.66929 10.60847 10.67625 10.78701 10.80639 10.73818 10.64471 10.61424 10.88555 11.38110 11.67674
13.90125 13.67890 13.46633 13.74457 13.54425 13.34306 13.15988 13.14809 13.00422 12.81718 12.69976 12.66169 12.61003 12.48969 12.12656 11.82867 12.22529 12.44495 11.97869 11.28547 10.31144 9.52594 9.60388 10.15988 10.50926 10.63619 10.67864 10.60599 10.68553 11.24181 11.67407 11.32254 11.04081 11.11052 10.99355 10.75771 10.52681 10.59790 10.81517 10.83481 10.78029 10.95691 11.19051 10.81478 9.92848 10.01314 11.85926 13.52119 12.70003 11.58015 11.31181 10.74806 10.49533 10.41838 10.50731 10.66444 10.68857 10.66517 10.58956 10.48768 10.94271 12.07141 12.59863
13.99888 13.75224 13.51239 13.28957 13.47933 13.07741 13.15777 12.97451 12.78561 12.57687 12.49932 12.46311 12.47474 12.29234 11.72208 11.37240 11.52628 11.62478 11.16724 10.40608 9.54539 8.83859 8.93352 9.46748 9.81073 9.92651 10.06003 10.28881 10.47571 10.56746 10.63560 10.62386 10.59329 10.62645 10.59491 10.36477 10.13284 10.11225 10.20867 10.25285 10.28401 10.46578 10.64655 10.24739 9.41335 9.56641 11.19891 12.69880 13.20701 13.12343 11.97015 10.83360 10.39502 10.26063 10.34553 10.50692 10.52359 10.45047 10.51205 10.77521 11.41158 12.40453 12.70969
14.26361 13.98150 13.71129 13.46508 13.24638 13.07864 12.86632 12.78673 12.53806 12.28360 12.18623 12.14615 12.19321 11.95774 11.19792 10.71957 10.83105 10.93362 10.38222 9.59396 8.95702 8.47851 8.59653 8.96948 9.26293 9.44431 9.63694 9.91577 10.05183 9.89254 9.82842 10.01449 10.15761 10.26275 10.29808 10.04800 9.76667 9.68359 9.70168 9.73775 9.79788 9.99290 10.18663 9.78121 8.88209 8.87377 10.27204 11.75753 12.92808 13.54909 12.27393 10.97498 10.46092 10.20620 10.22985 10.36247 10.36231 10.29196 10.48565 10.96181 11.50543 12.07027 12.13647
