论文图与数据/底板探测数据/215/2-215-1412-5/di.grd
DSAA
101 38
0.000000 310.000000
-116.250000 0.000000
4.441911 25.670231
[rows 0 to 28 of 38, columns 0 to 64 of 101]
5.57700 5.58877 10.84152 10.63169 8.81864 7.25712 7.12500 6.00463 5.84044 5.98883 4.94989 4.94428 5.89105 6.29893 6.53972 6.65599 6.61611 6.84030 7.47196 7.45858 7.44217 7.72454 7.76406 8.19317 8.23333 8.41987 8.66210 8.84217 9.04130 9.14803 9.24472 9.60545 10.01337 10.26010 10.23538 10.72821 10.96520 11.32603 11.60882 11.79014 12.13811 12.27758 12.44069 12.59483 12.76486 12.93081 13.06185 13.13510 13.07774 12.68897 12.33479 12.93891 13.44460 13.51211 13.45021 13.39314 13.39385 13.33593 13.25178 13.21005 12.97271 12.44704 12.29488 12.09605 11.74315
6.91597 6.82939 12.17220 12.00789 9.93162 8.62943 8.46284 6.95834 7.09744 6.94550 5.93289 6.02692 6.54418 7.15053 7.34254 7.47031 7.53874 7.70571 8.07318 8.18318 8.17051 8.26240 8.40415 8.63771 8.76911 8.96302 9.09447 9.19054 9.47052 9.54283 9.67830 10.07652 10.18097 10.49028 10.54032 10.64599 10.91182 11.09991 11.27627 11.65366 11.77366 12.02261 12.09057 12.28018 12.51717 12.71751 12.89618 12.98729 13.07906 12.46537 11.64388 12.78412 13.51962 13.26713 13.19312 13.19892 13.28298 13.26458 13.21971 13.03335 12.59071 12.37048 12.27132 11.86702 11.44686
6.98722 7.01900 12.30430 12.10398 10.05042 8.63542 8.61059 7.07272 7.00624 7.08672 6.03660 6.05276 6.63621 7.02469 7.26746 7.53681 7.57628 7.80315 8.11187 8.18407 8.20560 8.29201 8.39518 8.61965 8.75771 8.97015 9.09811 9.21952 9.30259 9.58837 9.65506 10.00490 10.16754 10.41637 10.43247 10.60668 10.76008 10.91051 11.10169 11.35407 11.52889 11.64681 11.77244 11.95412 12.17145 12.35549 12.50496 12.56496 12.25102 11.94812 11.88679 12.10616 12.40536 12.60693 12.68438 12.90602 13.19355 13.24711 13.16332 12.90375 12.64937 12.47963 12.16962 11.70389 11.89417
7.23664 7.32040 12.47378 12.46953 10.35834 8.94411 8.82098 7.43377 7.30603 7.25949 6.40219 6.34684 6.81072 7.27002 7.32641 7.64010 7.83639 8.02130 8.35767 8.37620 8.37049 8.48645 8.56614 8.79340 8.88799 9.09608 9.24073 9.34298 9.48697 9.55867 9.83449 10.10370 10.20792 10.47583 10.54825 10.58847 10.76914 10.85497 10.98297 11.09176 11.23248 11.33204 11.41143 11.54224 11.74248 11.90308 11.71551 11.47421 11.41328 11.36028 11.43584 11.72689 11.86859 11.71913 11.92759 12.49081 13.12149 13.38624 13.23590 12.88928 12.66151 12.31293 12.04843 11.91444 11.69760
7.31542 7.33013 12.60459 12.38517 10.47530 9.00796 8.90387 7.46723 7.45245 7.33977 6.32151 6.51126 6.87626 7.20387 7.36222 7.49918 7.74047 8.06971 8.35464 8.41778 8.35991 8.44330 8.56486 8.75038 8.85495 9.04365 9.17729 9.30496 9.42073 9.54688 9.64417 10.07707 10.12990 10.33204 10.44073 10.53482 10.57630 10.69310 10.75762 10.80352 10.82041 10.85964 10.88463 10.93672 11.07995 11.20862 10.80896 10.42073 10.64350 10.74134 10.85828 11.54954 11.77450 11.24606 11.27309 11.84820 13.22267 13.57497 13.09838 12.64004 12.30395 12.02857 11.93258 11.58865 11.39041
7.00998 7.02085 11.96562 12.12645 10.08489 8.71557 8.57456 7.16364 7.07700 7.08433 6.03700 6.03352 6.63660 6.87965 6.94996 7.18130 7.24347 7.63634 8.06755 8.09434 8.09041 8.11501 8.20014 8.42356 8.51069 8.68020 8.84276 8.95299 9.11137 9.21539 9.35593 9.64007 9.85158 10.02769 10.11940 10.21521 10.27103 10.35508 10.41113 10.43082 10.40472 10.34365 10.27327 10.27017 10.32912 10.33980 10.02591 9.80273 9.82660 10.08165 10.56040 11.09266 11.36041 11.22909 11.51443 11.80070 13.23710 13.17956 12.47791 12.07786 11.81255 11.59417 11.46662 11.24458 11.01948
7.07476 7.23230 12.23708 11.98708 10.31611 8.89906 8.77400 7.33055 7.25650 7.20357 6.27988 6.21323 6.61697 7.06320 7.05430 7.20048 7.35025 7.56650 8.03060 8.19137 8.15416 8.22599 8.24238 8.41871 8.53362 8.67294 8.79822 8.93421 9.05210 9.18712 9.28396 9.58713 9.65495 9.88732 9.95262 10.03007 10.08481 10.13070 10.16534 10.13565 10.03532 9.81115 9.62771 9.60787 9.66473 9.55554 9.18507 8.90393 9.31190 9.49747 9.62203 10.49418 11.11600 10.86059 12.49834 14.48079 11.96665 11.35159 11.44618 11.37926 11.27784 11.15923 10.99395 10.80902 10.65647
7.64461 6.99093 12.21587 11.95329 9.96439 8.80499 8.64647 7.22401 7.12084 7.07995 6.11744 6.16151 6.50337 6.81670 6.96663 7.03046 7.10846 7.40935 7.72706 7.91415 7.99378 8.04838 8.12162 8.22882 8.30896 8.49090 8.58831 8.68665 8.83642 8.94108 9.08238 9.34576 9.43340 9.61029 9.66374 9.75241 9.79687 9.83068 9.84462 9.78654 9.67262 9.25706 8.71400 8.74287 8.83844 9.00432 8.55110 8.21435 8.61609 8.80252 9.12777 10.04725 10.94579 12.74478 12.05883 11.08172 11.16675 10.89920 10.73958 10.78031 10.74765 10.70717 10.57663 10.40563 10.26482
7.62960 7.61615 11.74059 11.99027 9.97219 8.60651 8.60788 7.20953 7.07769 7.00488 6.08617 6.06994 6.50962 6.76163 6.79210 7.00420 7.00512 7.22153 7.62291 7.67120 7.78736 7.94620 7.99516 8.13375 8.17150 8.28439 8.43992 8.51775 8.70109 8.76711 8.87509 9.10365 9.20432 9.31086 9.38657 9.45298 9.47460 9.49100 9.49486 9.39647 9.06731 8.76535 8.49407 8.06684 8.00726 8.26244 8.01140 7.83377 7.93809 8.14088 8.65885 11.78676 13.18367 11.07827 10.40862 10.24319 10.56515 10.68293 10.60115 10.46232 10.36167 10.31171 10.14049 9.95090 9.82771
7.50430 7.48903 11.66940 11.39713 9.87715 8.48271 8.30256 7.06266 6.95281 6.84787 5.93576 5.93473 6.30912 6.64267 6.63424 6.73765 6.87589 7.01648 7.31916 7.46500 7.46715 7.64550 7.80318 7.89411 7.97677 8.05334 8.16699 8.27600 8.43798 8.53883 8.59672 8.78800 8.87738 8.98862 9.05886 9.12671 9.14060 9.10836 9.05759 8.91238 8.62437 8.35892 8.11528 7.83548 7.66153 7.54421 7.36717 7.24002 7.48446 8.09186 9.30128 11.01623 11.39560 9.63660 9.26827 9.67189 10.12351 10.35248 10.32008 10.14858 9.96182 9.77893 9.61859 9.48135 9.41238
7.14706 7.21261 11.44883 11.16348 9.22535 8.22554 8.03709 6.69441 6.67129 6.62249 5.68336 5.66325 6.04590 6.33634 6.39864 6.46134 6.50479 6.76759 7.00553 7.06235 7.16604 7.23746 7.41714 7.63113 7.65627 7.78080 7.85626 7.94583 8.12144 8.20937 8.28332 8.44477 8.52847 8.63307 8.70448 8.80815 8.80474 8.69903 8.59229 8.42533 8.22208 7.98970 7.76118 7.67568 7.50798 7.28562 7.38549 7.55614 7.92840 8.30492 8.93970 8.81887 8.66696 8.71736 8.75730 9.11150 9.59331 9.86299 9.88049 9.73837 9.55105 9.33584 9.16928 9.04941 9.04676
6.98529 6.95931 11.33951 11.04022 9.16267 7.76717 7.87152 6.52806 6.40053 6.42976 5.57770 5.50277 5.85907 6.15247 6.18136 6.30793 6.31799 6.50496 6.82467 6.83574 6.85988 7.01483 7.09450 7.29981 7.46495 7.52638 7.62066 7.69531 7.79039 7.92524 7.99101 8.12629 8.19538 8.26746 8.29766 8.34668 8.33360 8.26089 8.17706 8.00562 7.76325 7.66965 7.61782 7.39723 7.26591 7.28661 7.83317 8.38520 8.25648 7.77054 7.20591 7.77615 8.10139 8.16580 8.29842 8.63977 9.05085 9.29960 9.36426 9.27535 9.18045 9.09996 8.89426 8.70819 8.73347
6.85272 6.82810 11.23061 10.95383 9.04708 7.82285 7.44751 6.39482 6.25972 6.21906 5.44440 5.42158 5.72606 5.98177 6.02386 6.12359 6.19267 6.33668 6.59298 6.68176 6.68191 6.74823 6.89616 7.08441 7.17436 7.28846 7.37626 7.46375 7.55457 7.64598 7.71359 7.81321 7.86518 7.90199 7.87163 7.66737 7.62889 7.82618 7.76268 7.66015 7.41276 7.40250 7.50855 7.18201 7.54255 7.46763 8.14018 7.71476 6.65719 6.38203 6.47517 7.26007 7.76607 7.58784 7.75982 8.10171 8.51208 8.71585 8.67517 8.73703 8.77578 8.76875 8.60852 8.43452 8.50937
6.59352 6.78133 10.86106 10.92056 9.01773 7.76195 7.55022 6.06976 6.17313 6.12336 5.32002 5.33749 5.66405 5.87832 5.89764 6.00596 6.04135 6.23036 6.44500 6.47773 6.56101 6.58724 6.65710 6.89709 6.96493 7.07381 7.17761 7.22400 7.30790 7.38954 7.44497 7.48557 7.51022 7.52084 7.51910 7.38229 7.24381 7.08621 7.25377 7.32726 7.24809 7.14899 7.00522 6.85171 8.22421 12.30321 9.14181 6.31409 6.34231 6.17017 6.02327 6.76324 7.21475 7.20019 7.27237 7.51087 7.82586 8.05936 8.15718 8.15654 8.18683 8.37823 8.26369 8.12744 8.31858
6.51282 6.48058 10.83377 10.48745 8.93706 7.66756 7.44289 6.14571 5.82769 6.00837 5.23298 5.19105 5.54552 5.78667 5.76512 5.84969 5.89538 6.05803 6.29731 6.30527 6.31051 6.43864 6.47378 6.64824 6.74498 6.79354 6.90191 6.96027 7.02317 7.10004 7.15166 7.11750 6.94248 7.04304 7.18442 7.13232 7.00107 6.83708 6.81074 6.79444 6.84288 6.89907 6.86764 7.12609 7.90204 8.46376 7.61152 6.18792 6.14760 6.16993 6.17458 6.52290 6.74937 6.72822 6.73035 6.94202 7.27613 7.54765 7.70283 7.64959 7.63606 7.69740 7.74461 7.83033 8.00073
6.24623 6.42739 10.66434 10.47675 8.62450 7.59048 7.36505 6.06496 5.91336 5.73693 5.17441 5.12954 5.39282 5.67509 5.68873 5.73564 5.76281 5.92550 6.12978 6.17352 6.16116 6.22210 6.34395 6.45974 6.52220 6.58379 6.63223 6.67039 6.70758 6.78461 6.76480 6.68594 6.56022 6.63493 6.78261 6.81271 6.78470 6.73499 6.59080 6.46472 6.37891 6.85811 7.46257 7.16688 6.97627 6.58961 6.29655 5.97026 6.08073 6.18755 6.26362 6.49078 6.47193 6.02360 6.05493 6.39708 6.85830 7.12779 7.15716 7.15052 7.15830 7.19285 7.22491 7.31890 7.59256
5.87508 6.12663 10.65691 10.27060 8.55822 7.37475 7.25013 5.95890 5.79900 5.82143 4.91876 5.04947 5.30438 5.50321 5.55299 5.62900 5.62688 5.76470 5.96211 5.98025 5.99026 6.05085 6.12963 6.27696 6.33777 6.37187 6.37746 6.35587 6.30876 6.26193 6.27832 6.26710 6.21927 6.26434 6.36996 6.47704 6.53295 6.56219 6.48375 6.46814 6.59710 6.88601 7.16870 6.75017 6.54043 6.49117 6.09246 5.80523 5.98483 6.10431 6.15852 6.28400 6.18837 5.71069 5.63356 5.86422 6.37270 6.64911 6.66050 6.65288 6.68907 6.77883 6.76640 6.79814 7.10717
6.03279 5.77966 10.14610 10.27316 8.38179 7.30034 7.03601 5.91846 5.70366 5.72073 4.97895 4.83221 5.23386 5.41522 5.40977 5.49911 5.51960 5.62778 5.80497 5.81586 5.81309 5.87512 5.96606 6.10071 6.18156 6.20218 6.14986 6.07572 5.97450 5.78006 5.80619 5.78087 5.78675 5.87886 5.99970 6.14399 6.22861 6.29173 6.50782 6.68317 7.00969 6.63143 5.99911 6.15773 6.27587 6.41948 6.05237 5.74394 5.91869 5.92911 5.86392 5.93443 5.94462 5.86500 5.62124 5.58380 6.03227 6.21500 6.20700 6.18245 6.25095 6.34877 6.34320 6.38899 6.64063
6.03744 5.99084 9.90893 9.79155 8.41211 7.17450 7.01077 5.80323 5.70969 5.67614 4.96725 4.92069 5.07350 5.36368 5.35496 5.43843 5.41008 5.53527 5.66287 5.66091 5.64740 5.69024 5.78215 5.95627 6.10664 6.12544 5.99405 5.82394 5.79330 5.93585 5.51751 5.20597 5.32931 5.47512 5.73625 5.79961 5.96458 6.11143 6.65087 6.90013 6.26722 6.08458 5.98285 5.87576 5.94721 6.17056 5.99367 5.85760 5.97085 5.80832 5.43027 5.82063 5.98782 5.78878 5.68447 5.79304 6.08012 5.98679 5.53472 5.74931 5.97950 5.94558 5.95110 6.04466 6.29407
6.18739 6.00532 9.64370 9.55515 8.07652 7.16639 6.87181 5.76747 5.58321 5.63554 4.94771 4.89666 5.12038 5.25542 5.29688 5.31324 5.36582 5.43304 5.51582 5.52518 5.48299 5.48766 5.53951 5.74239 6.07106 6.10637 5.98382 5.62133 5.56850 5.71953 5.58603 5.33493 4.75225 5.01833 5.49450 5.59656 5.93778 6.57468 6.33842 6.07167 5.89482 5.91680 6.11133 5.93316 5.90331 5.93932 5.78519 5.70726 5.77047 5.73981 5.57073 5.81336 5.92835 5.77883 5.69911 5.70015 5.89581 5.71917 5.19122 5.40017 5.59336 5.70376 5.64246 5.60284 5.99206
6.76096 6.17391 9.74369 9.29302 7.89123 7.04018 6.88445 5.72946 5.58434 5.62650 5.03175 4.91620 5.12482 5.29340 5.21678 5.26988 5.26992 5.33685 5.40895 5.38892 5.34549 5.29154 5.23739 5.38111 5.75402 5.92017 5.88878 5.68673 5.54445 5.43973 5.50292 5.41217 5.27232 5.08113 4.92811 5.65000 5.91262 5.85543 5.86500 5.74698 5.65534 5.79202 6.01507 6.02306 5.99102 5.93595 5.47887 5.17114 5.65971 5.84929 5.88026 5.86005 5.84939 5.80705 5.81546 5.89027 5.88539 5.77983 5.63525 5.35218 5.23013 5.34636 5.38408 5.50759 5.82611
6.54208 6.43570 9.76052 9.11141 7.53336 6.64221 6.51485 5.54440 5.34865 5.43281 4.88374 4.84115 4.97358 5.11602 5.09489 5.14951 5.16042 5.20544 5.27850 5.28978 5.24633 5.17687 5.09919 5.18037 5.43033 5.63780 5.70516 5.59015 5.54321 5.56839 5.48344 5.43417 5.43517 5.67247 5.86966 5.45337 5.31083 5.42086 5.56593 5.63946 5.56507 5.71536 5.95592 6.07906 6.05284 5.85216 5.45818 5.22925 5.53386 5.79573 5.94698 5.95898 5.95869 5.93849 5.94324 5.96536 5.97939 5.91745 5.78432 5.56423 5.35936 5.13470 5.21183 5.47354 5.75153
6.28567 6.43270 9.38078 9.29465 7.52791 6.64259 6.29230 5.46278 5.31270 5.33486 4.89208 4.83263 5.01508 5.09917 5.07404 5.07686 5.09767 5.13426 5.20978 5.26691 5.23342 5.15589 5.10626 5.13581 5.21684 5.35085 5.41920 5.38654 5.48297 5.71674 5.69054 5.79339 6.23011 6.30812 6.18477 5.41508 5.05506 5.08253 5.35245 5.56548 5.56938 5.73005 5.96079 6.00276 5.97781 5.88674 5.74921 5.67724 5.72718 5.82654 5.89225 6.04585 6.15727 6.15977 6.11556 6.05097 6.06706 6.00219 5.87547 5.78067 5.67177 5.49222 5.34600 5.32649 5.62564
8.38838 6.30940 9.53631 8.99976 7.78548 6.72867 6.38655 5.44465 5.34922 5.41450 5.00305 4.95312 5.08085 5.13309 5.10081 5.08780 5.07239 5.07619 5.11795 5.21341 5.21480 5.15786 5.10902 5.08926 5.09728 5.15977 5.17214 5.15127 5.32186 5.83387 6.61273 7.00373 7.12721 6.31556 5.57407 5.61665 5.44767 5.10924 5.37730 5.55516 5.58910 5.69504 5.90085 5.88148 5.93793 6.08972 6.11849 6.18551 6.26934 6.25297 6.06333 6.13042 6.24099 6.39245 6.40908 6.31748 6.24138 6.13180 6.05031 6.03199 6.01952 6.08121 5.75342 5.41967 5.70535
8.10915 8.24174 9.43470 9.10527 7.67424 6.92611 6.43889 5.67902 5.34029 5.42770 5.14110 5.08480 5.16766 5.20228 5.16443 5.12480 5.08111 5.01583 5.03783 5.11467 5.20258 5.19048 5.08360 4.99642 5.03984 5.08903 5.18897 4.96394 5.16184 5.83439 7.57900 8.38748 6.36931 5.84860 5.63430 5.85250 5.86119 5.87589 5.81879 5.70276 5.47693 5.46717 5.66148 5.94072 6.12804 6.33455 6.40692 6.55801 6.91619 6.96874 6.78510 6.35452 6.22057 6.59998 6.74571 6.79129 6.58155 6.41566 6.27302 6.43672 6.51402 6.25669 6.25199 6.34315 6.35829
10.37416 7.99682 9.63272 8.99759 7.75469 6.98795 6.59426 5.74422 5.55759 5.47761 5.25431 5.22658 5.28183 5.29065 5.25754 5.21845 5.17244 5.01017 4.99619 5.33886 5.42845 5.35586 5.28025 5.15328 4.97555 5.05463 5.53288 5.86453 6.09533 5.84838 6.32911 6.46276 6.14655 6.13247 6.42940 6.17719 6.10995 6.16976 6.22591 6.04429 5.10082 5.24228 5.88844 6.07941 6.30824 6.42413 6.73333 7.07087 7.50739 7.63439 7.48532 6.97265 6.72113 6.80208 7.01261 7.14193 7.03377 6.90496 6.82299 6.78384 6.80714 6.78573 7.01117 7.29840 7.39791
10.63433 9.97984 9.32589 9.09706 7.62878 7.01897 6.60994 5.88847 5.64290 5.60596 5.45753 5.41067 5.41499 5.38642 5.39101 5.36890 5.22913 5.12005 5.14181 5.43720 5.61459 5.60639 5.48415 5.29297 5.18155 5.25002 6.32902 10.65633 9.94225 6.37872 5.94293 6.08769 6.29812 6.51157 6.78999 6.75486 6.64284 6.48254 6.42907 6.19774 5.90182 5.73801 5.70544 6.21003 6.52806 6.82236 7.24903 7.75439 8.08247 8.26019 8.13176 7.69243 7.44343 7.54212 7.49977 7.30558 7.52469 7.40145 7.18604 7.24054 7.37792 7.69546 7.94502 8.16174 8.12144
9.67492 10.31382 8.92303 8.86234 7.71792 7.02802 6.67738 6.05961 5.81099 5.78691 5.73570 5.73450 5.67807 5.53312 5.55228 5.60610 5.64168 5.42067 5.33730 5.64087 5.92599 6.06175 6.01200 5.80798 5.51858 6.06791 7.35426 8.83194 8.44145 6.63344 6.31646 6.44872 6.40093 6.71950 7.13719 7.39815 7.38160 7.16672 6.93204 6.66849 6.62059 6.64613 6.78728 6.74581 6.82970 7.28734 7.66662 8.19996 8.74651 9.03561 8.93111 8.36751 8.10124 8.35470 8.47073 8.32121 7.89274 7.63507 7.64842 8.09895 8.49611 8.56870 8.75115 8.91063 8.55375
10.13341 9.40456 9.20355 8.44197 7.76486 6.96934 6.67359 6.16671 6.04411 5.99549 6.11288 6.22887 6.14961 5.97177 5.97408 6.03017 6.06821 5.88859 5.80843 6.03762 6.49467 6.90886 6.88003 6.77813 6.92569 7.03883 7.19190 6.56691 6.50591 6.71952 6.87553 6.95471 6.83195 7.12436 7.56862 7.83595 7.95436 7.96927 7.92334 7.68281 7.27015 7.54689 8.12082 7.99792 7.66504 7.40861 7.95578 8.76530 9.56472 9.96340 9.91031 9.18285 8.93664 9.52214 9.67223 9.36671 8.57893 8.20642 8.37032 9.05893 9.56485 9.50474 9.42134 9.35046 9.28696
