doc/论文图与数据/探测数据/413/700m/20220311130447_df_测线00001/cq.grd
DSAA
101 11
0.000000 69.750000
-3.487500 3.487500
54.414268 241.850754

   94.10570    93.94131    94.37525    96.12626    98.39376    99.80801   100.87817   101.44918 
  102.33486    98.12187   100.33710   101.89203   101.02457   100.07987   100.65265   102.12528 
  102.26904   101.13065   100.58457   101.17356   101.86438   102.33630   102.80981   102.18112 
  101.62659   101.95433   102.47985   101.85892   100.32849    99.50902    99.94644    99.62846 
   94.94009    90.13126    90.37865    90.70979    97.85686   106.23234   109.14377   109.33872 
  106.52353   100.94450    97.76915    99.02121   100.91478   105.39926   109.72655   107.07344 
  104.41986   102.55190   100.83187    96.63129    91.32562    90.93056    94.88762    97.29259 
   97.10353    96.09856    92.03615    88.96616   100.54040   112.11588   105.85252    97.73112 
   92.36545    87.80458    87.25337    89.74783    85.88734    73.79747    69.83169    86.78133 
  101.76914   101.87535   101.98161   110.25027   118.77181   126.90636   135.01445   136.15857 
  133.86180   123.35142   104.58771    90.78129    86.46139    84.60608    92.23962    93.35960 
   77.06641    60.77250    81.19328   106.24063    82.27900    54.41427    66.57816   107.20328 
  171.04898   221.00098   228.98050   128.14656   100.06112    94.42913    94.22818    93.99304 
   95.27388    97.13263    99.07587   100.21554   101.08856   102.00043    96.81358    99.24496 
  101.59747   101.24776   100.29282   100.33263   101.81921   102.57431   101.41983   100.46834 
  101.06203   101.65640   102.21712   102.69623   102.30806   101.74805   101.86093   102.38976 
  102.09454   100.55656    99.45148    99.89047   100.18452    95.48214    90.77850    90.37375 
   90.70417    96.90640   105.30499   109.11967   109.31528   107.13267   101.53941    97.64569 
   98.90040   100.46561   104.95979   109.45471   107.30578   104.64778   102.69969   100.97691 
   97.06702    91.75359    90.62762    94.58970    97.31645    97.12685    96.39970    92.33246 
   88.26491    99.70006   111.28882   106.41170    98.28190    92.63554    88.07122    87.11327 
   89.60940    86.67943    74.57819    68.80457    85.76784   101.73622   101.84320   101.95020 
  109.72960   118.25810   126.44050   134.55446   136.31393   134.01495   124.35192   105.57649 
   91.03814    86.71496    84.20128    91.83949    99.47792    77.86826    61.56580    79.97981 
  105.04020    83.63660    55.75714    64.64864   105.29375   168.70677   218.68338   233.61220 
  132.73077   100.06112    88.35251    94.48044    94.21106    94.58601    96.50304    98.46963 
   99.67316   100.89701   101.73356   102.67234    98.36417   100.79112   101.42285   100.45979 
  100.08159   101.57928   102.81496   101.64748   100.47816   100.97469   101.57250   102.12351 
  102.60709   102.40759   101.84325   101.78792   102.31935   102.27863   100.73470    99.40659 
   99.84680   100.28709    95.90481    91.19073    90.37009    90.69992    96.16530   104.58199 
  109.10085   109.29698   107.60753   102.00313    97.54950    98.80625   100.11558   104.61735 
  109.11952   107.48675   104.82531   102.81480   101.08986    97.40637    92.08686    90.39173 
   94.35773    97.33504    97.14500    96.63422    92.56316    88.49194    99.04572   110.64484 
  106.84704    98.71069    92.84576    88.27877    87.00424    89.50177    87.29597    75.18596 
   68.00513    84.97905   101.71058   101.81815   101.92575   109.32436   117.85819   126.07792 
  134.19643   136.43488   134.13417   125.13052   106.34596    91.23808    86.91231    83.88624 
   91.52814    99.17015    78.49217    62.18298    79.03563   104.10610    84.69279    56.80240 
   63.14697   103.80794   166.88432   216.87952   237.21574   136.29787   100.06112    89.14431 
   94.68155    94.38034    94.10510    96.04213    98.01074    99.26925   100.53519   101.53904 
  102.49230    97.71658   100.20102   101.54871   100.57979    99.90111   101.40688   102.91320 
  101.81158   100.63371   100.91198   101.51228   102.05614   102.54298   102.47911   101.91162 
  101.73554   102.26886   102.41057   100.86234    99.37446    99.81555   100.25668    96.20731 
   91.48574    90.36755    90.69695    95.63493   104.06461   109.08739   109.28389   107.94731 
  102.33491    97.48068    98.73891    99.99719   104.37238   108.87978   107.61617   104.95226 
  102.89711   101.17064    97.64899    92.32516    90.22309    94.19190    97.34834    97.15800 
   96.80184    92.72807    88.65425    98.57800   110.18452   107.15823    99.01717    92.99599 
   88.42711    86.92629    89.42478    87.73666    75.62030    67.43378    84.41528   101.39685 
  101.80024   101.90826   109.03476   117.57245   125.81880   133.94060   136.52130   134.21938 
  125.68687   106.89584    91.38093    87.05334    83.66115    91.30563    98.95023    78.93793 
   62.62404    78.36093   103.43878    85.44774    57.54892    62.07429   102.74623   165.58217 
  215.59105   239.79001   138.84674   100.06112    89.64036    94.82686    94.48841    94.16135 
   95.76080    97.75327    99.01955   100.31286   101.42069   102.38299    97.32008    99.84096 
  101.62455   100.65208    99.79234   101.30302   102.81384   101.91067   100.72755   100.87422 
  101.47604   102.01552   102.50433   102.52220   101.95280   101.70403   102.23848   102.48991 
  100.93909    99.38821    99.79677   100.23840    96.38904    91.66295    90.36606    90.69519 
   95.31630   103.75381   109.07928   109.27602   108.15144   102.53419    97.43935    98.69847 
   99.95760   104.22527   108.73581   107.69388   105.02848   102.94653   101.21914    97.79469 
   92.46823    90.12186    94.09237    97.35634    97.16580    96.90248    92.82708    88.75167 
   98.29724   109.90823   107.34499    99.20114    93.08615    88.51610    86.87962    89.37863 
   88.00117    75.88103    67.09084    84.07684   101.06294   101.78947   101.89774   108.86092 
  117.40094   125.66329   133.78703   136.57318   134.27046   126.02080   107.22588    91.46666 
   87.13802    83.52607    91.17214    98.81824    79.20564    62.88861    77.95606   103.03812 
   85.90060    57.99720    61.43034   102.10895   164.80089   214.81743   241.33502   140.37628 
  100.06112    89.80956    87.61320    94.52566    94.19255    95.66619    97.66680    98.93502 
  100.23782   101.38096   102.34634    97.18654    99.71989   101.64989   100.67622    99.75601 
  101.26833   102.78065   101.94380   100.75893   100.86161   101.46393   102.00195   102.49142 
  102.53659   101.96655   101.69352   102.22835   102.51639   100.96471    99.41301    99.79050 
  100.23230    96.44966    91.72206    90.36556    90.69461    95.21004   103.65014   109.07659 
  109.27338   108.21951   102.60066    97.42558    98.68498    99.94439   104.17622   108.68778 
  107.71978   105.05389   102.96303   101.23531    97.84326    92.51591    90.08809    94.05917 
   97.35900    97.16840    96.93604    92.86011    88.78415    98.20360   109.81611   107.40729 
   99.26247    93.11624    88.54578    86.86399    89.36319    88.08934    75.96797    66.97655 
   83.96405   100.95163   101.78592   101.89424   108.80296   117.34375   125.61147   133.73582 
  136.59050   134.28754   126.13217   107.33587    91.49529    87.16622    83.48100    91.12763 
   98.77423    79.29478    62.97685    77.82123   102.90457    86.05168    58.14644    61.21584 
  101.89651   164.54045   214.55974   241.85075   140.88651   100.06112    89.64036    94.82686 
   94.48841    94.16135    95.76080    97.75327    99.01955   100.31286   101.42069   102.38299 
   97.32008    99.84096   101.62455   100.65208    99.79234   101.30302   102.81384   101.91067 
  100.72755   100.87422   101.47604   102.01552   102.50433   102.52220   101.95280   101.70403 
  102.23848   102.48991   100.93909    99.38821    99.79677   100.23840    96.38904    91.66295 
   90.36606    90.69519    95.31630   103.75381   109.07928   109.27602   108.15144   102.53419 
   97.43935    98.69847    99.95760   104.22527   108.73581   107.69388   105.02848   102.94654 
  101.21914    97.79469    92.46823    90.12186    94.09237    97.35634    97.16581    96.90248 
   92.82708    88.75167    98.29724   109.90823   107.34499    99.20114    93.08615    88.51610 
   86.87962    89.37863    88.00117    75.88103    67.09084    84.07684   101.06294   101.78947 
  101.89774   108.86092   117.40094   125.66329   133.78703   136.57318   134.27046   126.02080 
  107.22588    91.46666    87.13802    83.52607    91.17214    98.81824    79.20564    62.88861 
   77.95606   103.03812    85.90060    57.99720    61.43034   102.10895   164.80089   214.81743 
  241.33502   140.37628   100.06112    89.14431    94.68155    94.38034    94.10510    96.04213 
   98.01074    99.26925   100.53519   101.53904   102.49230    97.71658   100.20102   101.54871 
  100.57979    99.90111   101.40688   102.91320   101.81158   100.63371   100.91198   101.51228 
  102.05614   102.54298   102.47911   101.91162   101.73554   102.26886   102.41057   100.86234 
   99.37446    99.81555   100.25668    96.20731    91.48574    90.36755    90.69695    95.63493 
  104.06461   109.08739   109.28389   107.94731   102.33491    97.48068    98.73891    99.99719 
  104.37238   108.87978   107.61617   104.95226   102.89711   101.17064    97.64899    92.32516 
   90.22309    94.19190    97.34834    97.15800    96.80184    92.72807    88.65425    98.57800 
  110.18452   107.15823    99.01717    92.99599    88.42711    86.92629    89.42478    87.73666 
   75.62030    67.43378    84.41528   101.39685   101.80024   101.90826   109.03476   117.57245 
  125.81880   133.94060   136.52130   134.21938   125.68687   106.89584    91.38093    87.05334 
   83.66115    91.30563    98.95023    78.93793    62.62404    78.36093   103.43878    85.44774 
   57.54892    62.07429   102.74623   165.58217   215.59105   239.79001   138.84674   100.06112 
   88.35251    94.48044    94.21107    94.58601    96.50304    98.46963    99.67316   100.89701 
  101.73356   102.67234    98.36417   100.79112   101.42285   100.45979   100.08159   101.57928 
  102.81496   101.64748   100.47816   100.97469   101.57250   102.12351   102.60709   102.40759 
  101.84325   101.78792   102.31935   102.27863   100.73470    99.40659    99.84680   100.28709 
   95.90481    91.19073    90.37009    90.69992    96.16530   104.58199   109.10085   109.29698 
  107.60753   102.00313    97.54950    98.80625   100.11558   104.61735   109.11952   107.48675 
  104.82531   102.81480   101.08986    97.40637    92.08686    90.39173    94.35773    97.33504 
   97.14500    96.63422    92.56316    88.49194    99.04572   110.64484   106.84704    98.71069 
   92.84576    88.27877    87.00424    89.50177    87.29597    75.18596    68.00513    84.97905 
  101.71058   101.81815   101.92575   109.32436   117.85819   126.07792   134.19643   136.43488 
  134.13417   125.13052   106.34596    91.23808    86.91231    83.88624    91.52814    99.17015 
   78.49217    62.18298    79.03563   104.10610    84.69279    56.80240    63.14697   103.80794 
  166.88432   216.87952   237.21574   136.29787   100.06112    94.42913    94.22818    93.99304 
   95.27388    97.13263    99.07587   100.21554   101.08856   102.00043    96.81358    99.24496 
  101.59747   101.24776   100.29282   100.33263   101.81921   102.57431   101.41983   100.46834 
  101.06203   101.65640   102.21712   102.69623   102.30806   101.74805   101.86093   102.38976 
  102.09454   100.55656    99.45148    99.89047   100.18452    95.48214    90.77850    90.37375 
   90.70417    96.90640   105.30499   109.11967   109.31528   107.13267   101.53941    97.64569 
   98.90040   100.46561   104.95979   109.45471   107.30578   104.64778   102.69969   100.97691 
   97.06702    91.75359    90.62762    94.58970    97.31645    97.12685    96.39970    92.33246 
   88.26491    99.70006   111.28882   106.41170    98.28189    92.63554    88.07122    87.11327 
   89.60940    86.67943    74.57819    68.80457    85.76784   101.73622   101.84320   101.95020 
  109.72960   118.25810   126.44050   134.55446   136.31393   134.01495   124.35192   105.57649 
   91.03814    86.71496    84.20128    91.83949    99.47792    77.86826    61.56580    79.97981 
  105.04020    83.63660    55.75714    64.64864   105.29375   168.70677   218.68338   233.61220 
  132.73077   100.06112    94.10570    93.94131    94.37525    96.12625    98.39376    99.80801 
  100.87817   101.44918   102.33486    98.12187   100.33710   101.89203   101.02457   100.07987 
  100.65265   102.12528   102.26904   101.13065   100.58457   101.17356   101.86438   102.33630 
  102.80981   102.18112   101.62659   101.95433   102.47985   101.85892   100.32849    99.50902 
   99.94644    99.62847    94.94009    90.13126    90.37865    90.70979    97.85686   106.23234 
  109.14377   109.33872   106.52353   100.94450    97.76915    99.02121   100.91478   105.39926 
  109.72655   107.07344   104.41986   102.55190   100.83187    96.63129    91.32562    90.93056 
   94.88762    97.29259    97.10353    96.09856    92.03615    88.96616   100.54040   112.11588 
  105.85252    97.73112    92.36545    87.80458    87.25337    89.74783    85.88734    73.79747 
   69.83169    86.78133   101.76914   101.87535   101.98161   110.25027   118.77181   126.90636 
  135.01445   136.15857   133.86180   123.35142   104.58771    90.78129    86.46139    84.60608 
   92.23962    93.35960    77.06641    60.77250    81.19328   106.24063    82.27900    54.41427 
   66.57816   107.20328   171.04898   221.00098   228.98050   128.14656   100.06112 