论文图与数据/底板探测数据/215/1-215-1412-5/di.grd
DSAA
101 37
0.000000 305.000000
-112.500000 0.000000
2.596137 22.730289
[rows 0 to 28 of 37, columns 0 to 64 of 101]
3.66423 3.66936 9.23268 9.00505 6.20408 6.65636 6.36874 4.48261 4.48339 4.45760 3.21615 3.46360 3.64689 3.63474 3.73994 3.77906 4.06654 4.10758 4.21496 4.48868 4.96356 5.02613 5.23388 4.96032 5.04943 5.44188 6.01066 6.41403 6.29988 6.45562 7.52349 7.71597 8.06405 8.13613 8.99649 9.72463 10.85353 11.48539 11.82075 13.50414 14.73580 15.28958 16.16711 17.27817 18.38583 19.29987 20.42164 21.47778 22.04425 21.64355 21.29249 21.38859 21.48895 22.15518 22.63038 22.71014 22.45889 22.42125 22.45826 21.53873 21.78235 21.96306 20.97448 21.38928 20.38302
7.00796 7.17875 12.55252 12.43169 9.74200 9.87901 9.76761 7.89314 7.83705 7.70559 6.57745 6.61430 6.84018 6.90230 6.89371 7.00444 7.09238 7.20662 7.31855 7.82203 7.91201 7.73481 7.97773 7.69521 7.58008 7.74503 7.61851 8.41939 8.50495 8.56455 8.80447 9.33355 9.57782 9.87604 10.17108 10.51074 11.28463 11.62703 12.39162 12.80884 13.87838 14.65997 15.25025 16.15199 16.89036 17.84497 18.82495 20.10926 20.61385 20.66636 18.32467 17.09831 19.22898 20.82982 21.55453 21.68205 21.67535 21.61992 21.35989 21.21924 21.04713 21.00457 20.88185 20.13227 19.92596
7.98973 7.81146 13.34088 13.14867 10.50702 10.57439 10.46581 8.68283 8.53126 8.62049 7.20089 7.26477 7.57658 7.52477 7.77520 7.58631 7.67283 7.76302 7.87426 8.18205 8.41399 8.53927 8.34071 8.44126 8.27216 8.18117 8.34353 8.23125 8.92996 8.99814 9.06259 9.28757 9.75278 9.85629 10.27336 10.70086 10.85214 11.42120 11.95591 12.42863 12.75448 13.62900 14.09182 14.75775 15.26642 15.82605 16.25544 16.05020 15.49067 14.41881 13.82750 14.09452 17.43711 19.31556 20.09568 20.01362 20.11502 20.28795 20.51359 20.44292 20.64276 20.32103 20.50687 19.53089 18.93462
8.31287 8.34189 13.73091 13.50754 10.86388 10.91517 10.76219 8.93238 8.93762 8.85730 7.66910 7.52299 7.79366 7.82173 8.02829 8.06948 7.94874 7.97203 8.04233 8.33199 8.37603 8.58381 8.68445 8.52085 8.68103 8.55186 8.46353 8.60975 8.54275 9.15009 9.25002 9.28635 9.52154 9.82896 10.07740 10.53427 10.79917 11.18456 11.44129 11.81406 12.10566 12.46321 12.79020 13.13102 13.38880 13.42215 13.04287 11.98280 10.88975 10.09294 11.33913 13.03716 14.06701 14.73350 15.23237 16.68038 18.16489 18.91600 19.48594 19.55694 19.68019 19.60556 19.25360 19.02466 18.89648
9.26260 9.15250 14.37302 14.40700 11.69455 11.71421 11.54372 9.74015 9.55048 9.63559 8.32507 8.30742 8.42483 8.41083 8.61067 8.65589 8.64835 8.54396 8.53156 8.76313 8.78456 8.83936 8.99074 8.94628 8.93925 9.01870 8.89747 8.79950 8.90597 8.83865 9.30932 9.40530 9.41731 9.68401 9.83135 10.16573 10.39977 10.48443 10.83521 11.04364 11.17634 11.35985 11.51404 11.57406 11.46141 11.25405 10.70061 9.87132 9.19106 9.16487 10.57095 11.82649 10.33485 10.05982 10.62862 12.95072 15.38649 17.28725 18.30583 18.33824 18.37764 18.36205 18.41342 18.27262 18.44347
8.45334 8.36794 13.52553 13.26370 10.84748 10.82719 10.63976 8.86157 8.73334 8.69239 7.56715 7.43546 7.64857 7.55428 7.73458 7.78271 7.82220 7.82149 7.74030 7.91185 7.90537 7.96303 8.00481 8.05531 8.13014 8.12636 8.22985 8.11756 8.04607 8.14975 8.12113 8.55570 8.66525 8.77642 8.94176 9.13904 9.32482 9.55822 9.74846 9.91741 10.08819 10.18000 10.18236 10.15208 9.86075 10.00754 9.87397 9.19195 8.93063 9.46717 9.59386 9.20436 8.56613 8.55864 9.79033 10.29564 11.90869 15.47826 16.92468 16.79524 16.65782 16.62280 16.76056 16.91471 17.28834
8.15490 8.22517 13.56116 13.08661 10.46497 10.58573 10.38516 8.58039 8.46142 8.43237 7.22918 7.24608 7.33685 7.33024 7.40650 7.44504 7.47209 7.50513 7.50717 7.58026 7.52328 7.55077 7.58655 7.52389 7.67546 7.73027 7.72608 7.80439 7.67707 7.61681 7.85783 7.68464 8.01314 8.16502 8.25514 8.55878 8.56683 8.75568 8.92944 9.10069 9.15876 9.20715 8.97488 9.01979 9.64137 9.62459 9.53779 8.64245 8.47139 8.99943 9.02544 8.82360 7.97554 7.95330 8.37361 8.65043 9.51521 13.20723 14.62848 14.88745 14.78003 14.92354 15.35161 15.71406 16.21672
7.47727 7.34815 12.50506 12.54745 9.70510 9.71538 9.60445 7.80716 7.66015 7.64496 6.51309 6.42074 6.66138 6.54972 6.73566 6.66595 6.69547 6.73346 6.77509 6.95972 6.82352 6.80573 6.82985 6.75343 6.79986 6.94068 7.00337 7.01378 7.11668 7.00093 7.09436 7.17963 7.26645 7.40385 7.56891 7.64508 7.78802 7.95668 8.13650 8.40531 8.33506 8.02801 8.58380 8.94376 9.07618 8.92631 8.52622 8.74043 8.74914 8.77113 8.38752 7.90152 7.98055 8.06277 8.45005 8.70284 9.51343 9.74096 10.95816 12.20013 12.98443 13.41166 14.16931 14.50931 15.11296
6.13885 6.14266 11.26538 10.96770 8.65435 8.45796 8.24156 6.61330 6.42468 6.47075 5.31069 5.27492 5.40496 5.46342 5.55973 5.61106 5.54474 5.60351 5.64985 5.87611 5.86900 5.80203 5.80433 5.74234 5.78774 5.84499 6.01417 6.08946 6.09043 6.25975 6.22212 6.32858 6.47767 6.61168 6.77895 6.94313 7.14271 7.33754 7.47228 7.56206 7.77019 8.11445 8.30808 8.42448 8.14349 8.41100 8.72132 8.67380 8.44143 7.97102 7.94518 7.97621 8.04321 7.94227 7.68486 7.78679 7.86945 7.96835 8.75544 10.13834 13.13148 14.63000 13.37433 13.22919 13.90638
5.29003 5.31864 10.23733 10.23287 7.68327 7.85785 7.46935 5.73961 5.71107 5.70020 4.61901 4.54097 4.71216 4.65200 4.90675 4.88424 4.91736 4.89304 4.95198 5.18637 5.21749 5.24330 5.20881 5.12885 5.18838 5.22678 5.29907 5.45949 5.57682 5.60929 5.74378 5.76330 5.93499 6.10572 6.34733 6.58799 6.83370 7.23977 7.60129 7.55181 7.65856 7.77670 7.58880 7.64528 7.93185 8.35262 8.60842 8.13263 7.75606 7.63013 7.81638 7.95096 7.64200 7.41826 7.21187 6.85959 6.57673 6.74847 7.80012 9.72184 12.44890 13.76978 12.62049 12.11400 12.49815
4.76452 4.73505 9.75838 9.44139 7.20202 7.20077 7.10755 5.22688 5.06462 5.17369 4.10855 4.06736 4.19174 4.18135 4.32860 4.42968 4.40498 4.45901 4.44030 4.68406 4.70793 4.77261 4.82779 4.71850 4.75842 4.79787 4.86729 5.04245 5.12420 5.20751 5.30167 5.39120 5.55833 5.78293 6.10305 6.40008 6.66989 7.24750 8.12683 8.96208 8.47330 7.15993 6.99895 7.27707 7.99775 8.18949 8.07606 7.55791 7.32642 7.58252 7.59719 7.50248 7.10537 6.98135 7.02303 6.38139 5.94849 6.12802 7.24444 8.99192 9.89261 10.43795 10.62186 10.54364 11.00914
4.02595 4.32373 9.45374 9.06873 6.63138 6.77100 6.54095 5.00558 4.64667 4.72110 3.71973 3.65615 3.80052 3.75888 3.93756 3.97677 4.04928 4.05911 4.11204 4.25384 4.31954 4.37744 4.45829 4.45096 4.44147 4.48993 4.57462 4.74302 4.83802 4.92822 5.05316 5.11931 5.22156 5.46477 5.97808 6.35215 6.56613 6.91160 7.74422 9.93242 9.36278 7.26562 7.51191 7.41487 7.51769 7.57437 7.49152 7.37257 7.22899 7.23256 7.06214 6.83172 6.84156 6.71132 6.50497 5.83591 5.46861 6.12263 6.57208 6.88771 6.98071 7.13545 7.71925 8.20003 9.07254
3.98047 3.97764 9.04688 9.13705 6.60641 6.64570 6.47132 4.80676 4.77091 4.63712 3.64194 3.60375 3.71311 3.69858 3.84192 3.89580 3.91029 3.99809 4.00821 4.22601 4.18516 4.26416 4.33147 4.33120 4.42510 4.38467 4.49960 4.60260 4.74727 4.84410 4.97581 5.07094 5.09362 5.13348 5.90434 6.25037 6.40671 6.51971 6.65680 6.38069 8.01502 11.28068 8.52959 7.31498 6.91882 7.01117 7.27402 7.10516 6.88767 6.50397 6.56066 6.58001 6.31565 6.10930 5.78987 5.48176 5.33135 5.61582 5.59828 5.06477 5.32581 5.48766 5.92801 6.10493 6.17082
4.06296 3.48261 8.39139 8.24891 6.23927 6.17489 5.90718 4.42136 4.18556 4.34321 3.23414 3.17861 3.33702 3.29060 3.47307 3.52414 3.55331 3.59004 3.70275 3.86642 3.89409 3.95228 4.03699 4.09172 4.18360 4.28411 4.36721 4.51858 4.64475 4.76787 4.94612 5.17046 5.44037 5.64163 5.37462 5.55682 6.19212 6.14841 6.16838 6.21302 6.73046 7.22392 8.71206 8.95067 7.23211 6.97939 6.87297 6.53173 6.31622 6.27804 6.14283 5.98441 5.64137 5.52575 5.58894 5.29268 5.11443 5.23967 5.17292 4.99667 5.11419 5.29559 5.32673 5.11058 4.97269
4.23488 4.20539 8.63802 8.25476 6.11322 6.36751 6.04259 4.44503 4.36048 4.39068 3.49275 3.28184 3.37370 3.38505 3.52430 3.57687 3.58584 3.64279 3.66226 3.88015 3.87629 3.94246 4.00144 4.06898 4.17324 4.26932 4.39926 4.53601 4.66061 4.76322 5.00221 5.35862 5.72351 5.90307 5.64825 5.25120 4.75195 5.52006 6.03115 5.85697 5.72998 5.79772 6.90793 7.85585 8.83229 7.88657 6.45065 6.15148 5.86942 5.81967 5.62242 5.39252 5.25668 5.23047 5.27418 5.18937 5.11554 5.12168 5.12698 5.16085 5.30031 5.38976 5.24320 4.89228 4.76740
3.99180 4.19415 8.45830 8.30439 5.95153 6.13147 6.05081 4.41375 4.21226 4.33813 3.44162 3.39616 3.32569 3.29750 3.47261 3.50808 3.52739 3.56681 3.61051 3.75826 3.79114 3.84930 3.94885 4.02059 4.13142 4.24339 4.39385 4.58529 4.77035 4.93418 5.20730 5.56944 5.65525 5.59388 5.39143 5.11723 4.83989 5.02449 5.19549 5.21263 5.21683 5.33330 5.75280 6.48345 7.64323 7.90991 7.61795 6.39033 5.52688 5.23998 5.11850 5.07679 5.01821 5.04050 5.09773 5.08842 5.06593 5.09101 5.14227 5.23496 5.36117 5.36453 5.11922 4.76990 4.62823
4.85549 3.85578 8.42298 8.00570 5.87023 5.82831 5.71552 4.40414 4.09055 4.21648 3.36201 3.27516 3.34911 3.18708 3.34136 3.38631 3.40951 3.46757 3.48700 3.63230 3.67610 3.72973 3.85270 3.94708 4.07891 4.21796 4.37929 4.64086 4.92387 5.18814 5.39286 5.53703 5.25664 4.97701 4.94363 5.09198 5.41044 4.84901 4.49587 4.70919 4.97840 5.34322 5.53186 5.70475 5.61569 6.66480 7.82836 6.90514 6.00144 5.06037 4.83464 4.85425 4.80609 4.88664 5.01262 4.99987 4.96295 5.01434 5.07056 5.14664 5.22463 5.16009 4.86218 4.52183 4.36556
4.80122 4.70565 8.23900 7.97212 5.71749 5.75223 5.42561 4.12369 4.10081 4.10711 3.32970 3.22790 3.24918 3.23379 3.25741 3.28260 3.32219 3.37434 3.41423 3.51952 3.58637 3.66020 3.77250 3.90665 4.07322 4.24927 4.40690 4.74460 5.05679 5.26279 5.25851 5.07124 4.83195 4.64828 5.00651 5.02427 4.88259 4.73301 4.67244 4.62280 4.73907 5.12550 5.12156 5.23869 5.24397 5.33430 5.34332 6.69779 6.84806 5.61380 5.13268 4.63787 4.64526 4.76373 4.93733 4.94543 4.89823 4.87790 4.89014 4.94103 4.96486 4.88324 4.62612 4.36986 4.20387
4.48321 4.75930 8.15477 7.87968 5.74681 5.72759 5.41435 4.02673 3.88066 4.10263 3.32637 3.25442 3.26888 3.20045 3.32895 3.26876 3.28322 3.33239 3.38451 3.50415 3.53527 3.60594 3.72029 3.88103 4.09711 4.35049 4.60492 4.88433 5.11690 4.92843 4.78097 4.50659 4.72243 4.90803 4.81773 4.62684 4.13910 4.58963 4.86518 4.93999 4.50338 3.50912 4.46623 4.84689 4.76212 4.69934 4.69351 4.94454 5.53161 7.09558 5.96999 4.83647 4.69317 4.64964 4.90048 4.86843 4.81456 4.70619 4.65704 4.63598 4.68107 4.66447 4.48702 4.41310 4.60365
5.55003 4.52781 8.33629 7.83927 5.75461 5.79597 5.43265 4.08509 3.84658 4.06183 3.43566 3.30730 3.34438 3.27398 3.36345 3.34345 3.30626 3.35264 3.37094 3.47643 3.49710 3.55986 3.68884 3.85216 4.13022 4.43271 4.82206 4.82420 4.68590 4.43831 4.41807 4.72311 4.66693 4.61274 4.37939 4.35837 4.53168 4.57409 4.64795 4.57344 4.42357 4.38955 3.95969 3.86173 4.30232 4.32636 4.36426 4.41277 4.70340 4.97863 5.80129 6.32721 5.18327 4.78698 4.75342 4.70874 4.65812 4.49999 4.43696 4.40899 4.40085 4.42623 4.63430 4.33964 4.03093
4.88107 5.42252 8.09829 7.87856 5.71638 5.63589 5.36829 4.00003 3.79620 3.85155 3.35991 3.32913 3.30167 3.26881 3.32643 3.34688 3.32268 3.34794 3.37942 3.45438 3.48086 3.50399 3.70728 3.99169 4.23451 4.44009 4.58921 4.49539 4.31382 4.35331 4.41868 4.51290 4.35134 4.19454 4.36347 4.45624 4.51667 4.44805 4.35693 4.23727 4.24541 4.29418 4.03001 3.74839 3.38377 3.75041 4.29316 4.30466 4.36160 4.45166 5.00987 5.45147 5.76359 5.71024 4.81040 4.81398 4.36867 4.26781 4.25736 4.24744 4.30943 4.32428 4.22102 4.01873 3.97737
5.86576 4.84262 8.02978 7.69602 5.77348 5.65673 5.24305 3.98487 3.72990 3.82967 3.33080 3.29028 3.35317 3.27042 3.35590 3.36406 3.35705 3.35865 3.39322 3.48953 3.55166 3.58492 3.82421 4.12312 4.18242 4.16719 4.08903 4.13689 4.20942 4.32843 4.31778 4.14078 4.12459 4.18729 4.42565 4.46122 4.33525 4.24655 4.17025 4.11661 4.04648 3.97794 4.04457 3.92334 3.53216 3.55793 3.77951 4.16422 4.38877 4.44853 4.59138 4.75891 5.34320 6.85153 8.63476 6.65551 4.45901 4.08207 4.13517 4.27369 4.18514 4.04275 3.85127 3.79012 4.01518
6.08239 5.80560 7.59465 7.62631 5.69970 5.70909 5.26036 4.03298 3.72640 3.85582 3.37634 3.30259 3.39541 3.34267 3.40278 3.40144 3.38910 3.36990 3.38395 3.52465 3.65813 3.74963 3.93631 4.11860 3.98295 3.87758 3.84701 3.97934 4.10531 4.07152 4.07871 4.04285 4.18685 4.31154 4.34231 4.28056 4.13581 4.12178 4.11284 4.08219 3.98325 3.85725 3.94022 3.98567 4.06387 3.85590 3.59894 3.87763 4.15614 4.49296 4.60503 4.60448 4.61513 6.46157 9.81559 7.31880 4.86769 4.23612 4.12436 4.19917 3.96225 3.78610 3.74417 3.73634 3.97256
6.47880 5.99096 7.56736 7.17384 5.74661 5.55078 5.24712 4.12147 3.74456 3.81948 3.36305 3.34948 3.43121 3.42617 3.46588 3.49072 3.48155 3.43147 3.37918 3.57097 3.72461 3.82515 3.90657 3.98455 3.89382 3.86296 4.07635 3.94741 3.81871 3.76372 3.94085 4.36948 4.31901 4.23556 4.16279 4.09376 4.03765 4.08374 4.13501 4.04855 4.04972 4.08995 3.93774 3.90778 4.04141 4.16378 4.32846 3.80824 3.77206 4.39420 4.48600 4.56131 4.51352 4.89378 4.55511 5.47832 5.34168 4.71057 4.34642 3.94551 3.82934 3.74189 3.80664 3.78311 3.89393
9.38921 6.42254 7.82336 7.16078 5.51414 5.39244 5.12379 4.15525 3.83792 3.73752 3.41514 3.36537 3.48258 3.50216 3.56973 3.61559 3.64389 3.59208 3.51022 3.67510 3.76006 3.61237 3.72875 3.91614 4.07538 4.10947 4.01965 3.85528 3.62983 3.93878 4.13194 4.27966 4.24144 4.19959 4.11248 4.06040 4.04721 4.05285 4.12438 4.29649 4.26546 4.11093 4.11040 4.09086 4.06505 4.21417 4.38441 4.52569 4.39784 3.60870 4.07852 4.60989 4.47658 4.52352 4.51385 4.70903 4.82315 4.97922 4.72584 4.26496 3.97428 3.74883 3.82207 3.91293 4.14635
9.76958 9.08562 8.37641 7.42628 5.74673 5.47439 4.98138 4.16011 3.87374 3.69790 3.48895 3.45670 3.55687 3.61247 3.68853 3.76734 3.86202 3.80294 3.69982 3.68518 3.63848 3.42769 3.63817 4.04334 4.15808 4.17891 4.04273 4.06056 4.15164 4.23385 4.24325 4.07235 4.06464 4.08360 4.26659 4.22221 4.00735 4.16515 4.33956 4.43943 4.49277 4.48114 4.40258 4.34638 4.38748 4.33048 4.31841 4.68086 4.77199 4.67540 4.02906 3.45761 4.34787 4.59971 4.54866 4.54249 4.46542 4.31533 4.54027 5.00196 4.37013 3.98732 4.03210 4.14900 4.47880
8.97804 9.47742 7.87828 7.93155 6.02125 5.76539 5.07944 4.39101 3.90832 3.75584 3.55493 3.54823 3.68950 3.78867 3.86441 3.95392 4.09839 3.95832 3.69246 3.62201 3.56904 3.51310 3.67446 3.96602 4.05390 4.11706 4.28764 4.36564 4.42915 4.38586 4.29712 4.17814 4.12196 4.15157 4.32239 4.37345 4.37790 4.41715 4.53751 4.69739 4.83647 4.89921 4.87734 4.78380 4.64511 4.52362 4.51992 4.71763 4.90603 4.96955 4.63818 4.27787 3.86986 3.98380 4.57791 4.53206 4.42383 4.21242 4.39275 4.69995 4.74690 4.71491 4.69743 4.56314 4.54467
9.57207 8.83172 8.31046 7.54222 6.74748 6.04705 5.37611 4.54169 4.10993 3.84942 3.68015 3.71530 3.89910 4.08982 4.15706 4.18012 4.22519 3.96905 3.61075 3.64661 3.69191 3.61027 3.72038 3.94682 4.17470 4.29208 4.40328 4.53577 4.67115 4.62443 4.56130 4.50506 4.43107 4.40043 4.43338 4.48651 4.60951 4.76669 4.99398 5.17445 5.39710 5.52592 5.40604 5.19864 4.97395 4.75919 4.69356 4.91270 5.09816 5.10136 5.20562 5.14784 4.43413 3.94568 3.71695 4.22291 4.66142 4.47932 4.58657 4.78325 4.89113 5.04387 5.33234 5.22265 5.10993
10.17218 9.37345 8.54174 7.90504 7.02296 6.34089 5.62140 4.85718 4.37065 3.97785 3.85168 4.02398 4.31701 4.56035 4.55884 4.43471 4.24453 3.90096 3.57938 3.72430 3.83829 3.67745 3.90453 4.27965 4.56485 4.57792 4.42567 4.57185 4.87867 5.09249 5.15703 5.04217 4.92481 4.82440 4.74938 4.67475 4.70148 5.11343 5.64847 6.02029 6.25816 6.25305 5.90409 5.54279 5.29604 4.99774 4.88311 5.23721 5.51277 5.50530 5.51403 5.45108 5.25255 4.66464 3.64893 3.86603 4.22732 4.56687 4.90535 5.09531 4.92896 4.98305 5.56911 5.84161 6.05454
