论文图与数据/底板探测数据/413/530m/20220313112234_df_测线00001/cq.grd
DSAA
101 11
-0.000000 69.750000
-3.487500 3.487500
61.337170 174.848267

  109.22212    99.98599    92.70168    84.56135    63.63957    66.68380    72.92248    77.75590 
   77.92094    65.28935    67.56923    70.09226    81.07466    93.42278    97.53725    98.39229 
  102.03356   107.98738   110.93779   109.19653   108.02000   108.71782   109.41800   111.75655 
  114.16444   109.97878   103.90525   101.07825   100.47338    99.83612    99.16756    99.08521 
  102.11956   105.11636   102.18568    99.16232    94.09904    88.61513    90.38457    95.80009 
   99.58778   101.70863   102.32978   100.16718    98.58560    99.49556   100.33406    96.91570 
   93.49672    95.48753    98.46341    98.80642    97.88392    97.72269    98.28144    98.97422 
   99.90008   100.35141    99.15649    98.13589    99.03172    99.92767    93.74494    86.80198 
   91.28103    99.73719   102.46129   101.13112   103.87917   112.11546   118.81320   121.26904 
  121.68478   107.09247    92.49938    94.13277    96.33278    94.09683    90.95451    89.68513 
   89.28457    93.62745   102.59656   108.69902   109.53828   108.60705   100.48535    96.58005 
   99.63309   102.68626   102.75403   102.44352   105.21286   106.52921   109.52324   113.70582 
  120.80088   112.99482   107.94855   110.05735    98.84380   116.53009   106.56955    96.19340 
   88.29453    79.71378    63.73112    70.20637    77.01835    77.26936    63.85614    66.18614 
   68.65314    77.42561    89.98554    97.15065    98.03369   100.47046   106.50539   111.40259 
  109.63714   107.86710   108.55363   109.26163   111.28300   113.70999   111.07040   104.95624 
  101.16236   100.55502    99.92763    99.25641    98.71576   101.75974   104.80457   102.53797 
   99.50578    94.70732    89.20895    89.80014    95.22917    99.35892   101.48506   102.55035 
  100.38293    98.49219    99.40421   100.31638    97.21604    93.79133    95.24672    98.22681 
   98.87028    97.94684    97.67755    98.23709    98.90382    99.83083   100.44573    99.24919 
   98.05255    98.95602    99.85333    94.21124    87.26144    90.73048    99.19450   102.54625 
  101.21489   103.38475   111.62748   118.66116   121.11905   122.53513   107.93198    93.32835 
   93.99567    96.19756    94.29567    91.15064    89.70452    89.30376    93.13814   102.11311 
  108.65414   109.49393   109.02663   100.90021    92.77356    99.48367   102.53841   102.76968 
  102.45901   105.14915   106.46618   109.32362   113.50830   121.16690   113.35699   107.85169 
  109.96148    98.84380   151.84505   112.04576   101.08794    91.29207    82.46956    61.33717 
   68.02003    74.75671    76.72907    77.08318    65.06697    67.63466    74.53705    87.27058 
   96.84199    97.74830    99.23871   105.33916   111.44867   109.98383   108.19621   108.42457 
  109.13882   110.91200   113.35412   111.92471   105.77840   101.22802   100.61875    99.99906 
   99.32574    98.65228   101.47909   104.53107   102.81271    99.77361    95.18153    89.67188 
   89.34456    94.78418    99.18052   101.31080   102.72225   100.55106    98.41939    99.33301 
  100.24673    97.44998    94.02081    95.05919    98.04258    98.91998    97.99582    97.64240 
   98.20255    98.84900    99.77692   100.51918    99.32138    98.12353    98.89708    99.79544 
   94.57423    87.61912    90.30194    98.77204   102.61237   101.28008   102.99992   111.24771 
  118.54280   121.00229   123.19695   108.58537    93.97349    93.88898    96.09231    94.45049 
   91.30331    89.71962    89.31870    92.75735   101.73688   108.61921   109.45941   109.35315 
  101.22301    93.09275    99.36739   102.42339   102.78187   102.47105   105.09958   106.41711 
  109.16827   113.35458   121.45170   113.63889   107.77633   109.88688    98.84380   164.34554 
  116.18983   104.74553    93.44041    84.48036    75.44962    66.41436    73.28720    76.32308 
   76.72814    64.24202    66.88760    72.44531    85.30801    96.61697    97.54081    98.46671 
  104.49863   110.65137   110.23367   108.43319   108.33162   109.05046   110.64550   113.09863 
  112.53783   106.36821   101.27505   100.66438   100.05022    99.37540    98.70052   101.27821 
  104.33533   103.00934    99.96527    95.52088    90.00311    89.01859    94.46579    99.05287 
  101.18611   102.84523   100.67132    98.49732    99.28208   100.19690    97.61728    94.18488 
   94.92509    97.91086    98.95550    98.03083    97.61726    98.17786    98.80980    99.73837 
  100.57169    99.37299    98.17427    98.85493    99.75404    94.83370    87.87476    89.99565 
   98.47009   102.65962   101.32668   102.72490   110.97630   118.45822   120.91885   123.37950 
  109.05229    94.43453    93.81274    96.01709    94.56110    91.41243    89.73040    89.32937 
   92.48523   101.46800   108.59425   109.43474   109.58645   101.45368    93.32085    99.28431 
  102.34119   102.79058   102.47965   105.06415   106.38208   109.05730   113.24475   121.65519 
  113.84023   107.72249   109.83357    98.84380   172.17691   118.86095   107.01323    95.21325 
   85.70459    76.57610    65.43185    72.39121    76.07076    76.50871    63.73608    66.43108 
   71.17843    84.12083    96.48005    97.41479    98.35005   103.99124   110.17038   110.38448 
  108.57614   108.27554   108.99717   110.48500   112.94479   112.90685   106.72311   101.30332 
  100.69181   100.08028    99.40524    98.72951   101.15752   104.21774   103.12749   100.08043 
   95.72472    90.20207    88.82276    94.27454    98.97618   101.11123   102.91909   100.74355 
   98.56798    99.25150   100.16698    97.71774    94.28342    94.84460    97.83177    98.97683 
   98.05184    97.60217    98.16304    98.78627    99.71523   100.60322    99.40398    98.20473 
   98.82962    99.72919    94.98943    88.02821    89.81178    98.28888   102.68799   101.35465 
  102.55982   110.81340   118.40746   120.86877   123.33009   109.33251    94.71124    93.76698 
   95.97194    94.62747    91.47792    89.73688    89.33577    92.32191   101.30663   108.57926 
  109.41993   109.72649   101.59210    93.45773    99.23444   102.29188   102.79580   102.48483 
  105.04289   106.36104   108.99068   113.17882   121.77728   113.96113   107.69018   109.80158 
   98.84380   174.84827   140.17314   107.78235    95.89326    86.11569    76.95399    65.10098 
   72.09008    75.98511    76.43444    63.56553    66.27747    70.75411    83.72346    96.43410 
   97.37253    98.31097   103.82161   110.00961   110.43490   108.62393   108.25680   108.97937 
  110.43140   112.89342   113.03006   106.84161   101.31276   100.70097   100.08917    99.41521 
   98.73917   101.11726   104.17851   103.16689   100.11883    95.79272    90.26843    88.75746 
   94.21077    98.95061   101.08626   102.94373   100.76764    98.59155    99.24129   100.15701 
   97.75124    94.31628    94.81774    97.80540    98.98393    98.05884    97.59713    98.15810 
   98.77843    99.70752   100.61372    99.41431    98.21488    98.82118    99.72092    95.04137 
   88.07937    89.75047    98.22842   102.69745   101.36398   102.50478   110.75908   118.39052 
  120.85208   123.31364   109.42596    94.80354    93.75171    95.95689    94.64962    91.49976 
   89.73903    89.33791    92.26744   101.25285   108.57426   109.41499   109.77318   101.63824 
   93.50336    99.21781   102.27543   102.79755   102.48655   105.03580   106.35403   108.96848 
  113.15685   121.81798   114.00140   107.67939   109.79092    98.84380   172.17691   118.86095 
  107.01323    95.21325    85.70459    76.57610    65.43185    72.39121    76.07076    76.50871 
   63.73608    66.43108    71.17843    84.12083    96.48005    97.41479    98.35005   103.99124 
  110.17038   110.38448   108.57614   108.27554   108.99717   110.48500   112.94479   112.90685 
  106.72311   101.30332   100.69181   100.08028    99.40524    98.72951   101.15752   104.21774 
  103.12749   100.08043    95.72472    90.20207    88.82276    94.27454    98.97618   101.11123 
  102.91909   100.74355    98.56798    99.25150   100.16698    97.71774    94.28342    94.84460 
   97.83177    98.97683    98.05184    97.60217    98.16304    98.78627    99.71524   100.60322 
   99.40398    98.20473    98.82962    99.72919    94.98943    88.02821    89.81178    98.28888 
  102.68799   101.35465   102.55982   110.81340   118.40746   120.86877   123.33009   109.33251 
   94.71124    93.76698    95.97194    94.62747    91.47792    89.73688    89.33577    92.32191 
  101.30663   108.57926   109.41993   109.72649   101.59210    93.45773    99.23444   102.29188 
  102.79580   102.48483   105.04289   106.36104   108.99068   113.17882   121.77728   113.96113 
  107.69018   109.80158    98.84380   164.34554   116.18983   104.74553    93.44041    84.48036 
   75.44962    66.41436    73.28720    76.32308    76.72814    64.24202    66.88760    72.44531 
   85.30801    96.61697    97.54081    98.46671   104.49863   110.65137   110.23367   108.43319 
  108.33162   109.05046   110.64550   113.09863   112.53783   106.36821   101.27505   100.66438 
  100.05022    99.37540    98.70052   101.27821   104.33533   103.00934    99.96527    95.52088 
   90.00311    89.01859    94.46579    99.05287   101.18611   102.84523   100.67132    98.49732 
   99.28208   100.19690    97.61728    94.18488    94.92509    97.91086    98.95550    98.03083 
   97.61726    98.17786    98.80980    99.73837   100.57169    99.37299    98.17427    98.85493 
   99.75404    94.83370    87.87476    89.99565    98.47009   102.65962   101.32668   102.72490 
  110.97630   118.45822   120.91885   123.37950   109.05229    94.43453    93.81274    96.01709 
   94.56110    91.41243    89.73040    89.32937    92.48523   101.46800   108.59425   109.43474 
  109.58645   101.45368    93.32085    99.28431   102.34119   102.79058   102.47965   105.06415 
  106.38208   109.05730   113.24475   121.65519   113.84023   107.72249   109.83357    98.84380 
  151.84505   112.04576   101.08795    91.29207    82.46956    61.33717    68.02003    74.75671 
   76.72907    77.08318    65.06697    67.63466    74.53705    87.27058    96.84199    97.74830 
   99.23871   105.33916   111.44867   109.98383   108.19621   108.42457   109.13882   110.91200 
  113.35412   111.92471   105.77840   101.22802   100.61875    99.99906    99.32574    98.65228 
  101.47909   104.53107   102.81271    99.77361    95.18153    89.67188    89.34456    94.78418 
   99.18052   101.31080   102.72225   100.55106    98.41939    99.33301   100.24673    97.44998 
   94.02081    95.05919    98.04258    98.91998    97.99582    97.64240    98.20255    98.84900 
   99.77692   100.51918    99.32138    98.12353    98.89708    99.79544    94.57423    87.61912 
   90.30194    98.77204   102.61237   101.28008   102.99992   111.24771   118.54280   121.00229 
  123.19695   108.58537    93.97349    93.88898    96.09231    94.45049    91.30331    89.71962 
   89.31870    92.75735   101.73688   108.61921   109.45941   109.35315   101.22301    93.09275 
   99.36739   102.42339   102.78187   102.47105   105.09958   106.41711   109.16827   113.35458 
  121.45170   113.63889   107.77633   109.88688    98.84380   116.53009   106.56955    96.19340 
   88.29453    79.71378    63.73112    70.20637    77.01835    77.26936    63.85614    66.18614 
   68.65314    77.42561    89.98554    97.15065    98.03369   100.47046   106.50539   111.40259 
  109.63714   107.86710   108.55363   109.26163   111.28300   113.70999   111.07040   104.95624 
  101.16236   100.55502    99.92763    99.25641    98.71576   101.75974   104.80457   102.53797 
   99.50578    94.70732    89.20895    89.80014    95.22917    99.35892   101.48506   102.55035 
  100.38293    98.49219    99.40421   100.31638    97.21604    93.79133    95.24672    98.22681 
   98.87028    97.94684    97.67755    98.23709    98.90382    99.83083   100.44573    99.24919 
   98.05255    98.95602    99.85333    94.21124    87.26144    90.73048    99.19450   102.54625 
  101.21489   103.38475   111.62748   118.66116   121.11905   122.53513   107.93198    93.32835 
   93.99567    96.19756    94.29567    91.15064    89.70452    89.30376    93.13814   102.11311 
  108.65414   109.49393   109.02663   100.90021    92.77356    99.48367   102.53841   102.76968 
  102.45901   105.14915   106.46618   109.32362   113.50830   121.16690   113.35699   107.85169 
  109.96148    98.84380   109.22212    99.98599    92.70168    84.56136    63.63957    66.68380 
   72.92248    77.75590    77.92094    65.28935    67.56923    70.09226    81.07466    93.42278 
   97.53725    98.39229   102.03356   107.98738   110.93779   109.19653   108.02000   108.71782 
  109.41800   111.75655   114.16444   109.97878   103.90525   101.07825   100.47338    99.83612 
   99.16756    99.08520   102.11956   105.11636   102.18568    99.16232    94.09904    88.61513 
   90.38457    95.80009    99.58778   101.70863   102.32978   100.16718    98.58560    99.49556 
  100.33406    96.91570    93.49672    95.48753    98.46341    98.80642    97.88392    97.72269 
   98.28144    98.97422    99.90008   100.35141    99.15649    98.13589    99.03172    99.92767 
   93.74494    86.80198    91.28103    99.73719   102.46129   101.13112   103.87917   112.11546 
  118.81320   121.26904   121.68478   107.09247    92.49938    94.13277    96.33278    94.09683 
   90.95451    89.68513    89.28457    93.62745   102.59656   108.69902   109.53828   108.60705 
  100.48535    96.58005    99.63309   102.68626   102.75403   102.44352   105.21286   106.52921 
  109.52324   113.70582   120.80088   112.99482   107.94855   110.05735    98.84380 