doc/论文图与数据/探测数据/215/3130m/cq.grd
DSAA
101 11
0.000000 69.750000
-3.487500 3.487500
78.679253 176.032394

  122.50697   115.92148   111.46062   108.10660   100.23752    89.75742    79.51417    81.26540 
   85.39214    96.51987    95.99609    95.78180    99.08749   102.79750   105.90399   109.35136 
  108.58315   102.00072    97.52560    99.14566   100.13921    96.31247    92.47897    91.12674 
   89.90580    90.81556    92.71693    91.33706    87.50397    86.66286    89.55476    91.54733 
   91.32172    91.05057   107.32343   123.58328   117.70872   107.21629    99.25314    92.84457 
   92.65253    98.30562   100.00687    94.57870    91.24691    96.45712   101.46988   100.55666 
   99.64322   100.61283   101.85246   101.20125    99.75845   100.23766   102.45271   102.64978 
   99.30601    96.87453    97.94864    98.90530    97.76530    96.62521    97.74440    99.11369 
   99.69244    99.97110   100.29103   100.76620   100.18985    97.94868    94.27609    87.00095 
   81.19865    86.59887    91.99934    92.95527    93.73530    92.03831    89.72687    88.92390 
   88.99439    94.83669   106.21281   117.60146   128.98476   136.87717   130.64999   134.33018 
  119.78369   105.23669   102.15280   100.44772   102.67374   105.19934   103.20302    98.01151 
   86.95926    83.31983    84.00117    95.88396    99.49463   127.91140   120.78568   113.33676 
  109.55087   106.04012    96.26752    85.42239    79.32723    83.60718    96.49949    96.23177 
   95.67553    98.08092   101.84435   105.21344   108.68800   109.92680   103.28804    97.16341 
   98.79984   100.43895    97.03389    93.17235    91.30617    90.07985    90.52512    92.43570 
   91.99352    88.13718    86.12231    89.03407    91.57666    91.35031    91.12389   105.42154 
  121.72891   118.85387   108.33470    99.97570    93.54971    92.04581    97.71288   100.58912 
   95.14755    90.71828    95.94003   101.16265   100.64388    99.72865   100.49652   101.73850 
  101.32141    99.87643   100.07399   102.29166   102.89361    99.54594    96.79963    97.87488 
   98.95018    97.84531    96.70398    97.65172    99.02237    99.66700    99.94613   100.28026 
  100.75533   100.30472    98.06236    94.70824    87.42751    80.89321    86.29718    91.70132 
   92.91676    93.69720    92.16108    89.84818    88.93469    89.00491    94.21635   105.59988 
  116.99192   128.38232   137.19669   130.96594   124.73503   120.52521   105.96991   102.23663 
  100.53064   102.54985   105.07681   103.45305    98.25887    87.12991    83.48869    83.45535 
   95.34373    99.49463   168.96007   124.84538   116.95780   110.70399   107.10556   101.64078 
   90.24549    78.67925    82.17495    86.61820    96.42348    95.85014    97.28741   101.09396 
  104.67304   108.16904   110.98044   104.29678    97.60820    98.52852   100.17957    97.59886 
   93.71506    91.44622    90.21569    90.29825    92.21606    92.50690    88.63223    85.69943 
   88.62689    91.55582    91.37259    91.14562   103.93834   120.28294   119.74660   109.20650 
  100.53907    94.09946    91.57286    97.25086   101.04301    95.59096    90.30628    95.53707 
  100.76834   100.71185    99.79521   100.40591   101.64973   101.41499    99.96832    99.94654 
  102.16628   103.08342    99.73277    96.74133    97.81746    98.89362    97.90759    96.76531 
   97.57957    98.95128    99.64719    99.92668   100.27195   100.74690   100.39412    98.15079 
   95.04462    87.75949    80.65546    86.06236    91.46938    92.88678    93.66754    92.25658 
   89.94261    88.94315    89.01307    93.73358   105.12288   116.51750   127.91351   137.44534 
  131.21176   124.97811   121.10220   106.54047   102.30185   100.59515   102.45346   104.98142 
  103.64765    98.45142    87.26269    83.62012    83.03069    94.92337    99.49463   172.80334 
  127.92776   119.67009   111.54399   107.88007   104.20877    93.82984    81.90098    81.12630 
   85.65560    96.56552    95.97861    96.71474   100.55299   104.28528   107.79671   111.30899 
  105.02144    98.30289    98.33343    99.99319    98.00451    94.10457    91.54653    90.31297 
   90.13567    92.05870    92.87515    88.98721    85.39605    88.33487    91.27435    91.38854 
   91.16118   102.87678   119.24809   120.38538   109.83022   100.94223    94.49281    91.23447 
   96.92033   101.36775    95.90818    90.44833    95.24881   100.48629   100.76046    99.84282 
  100.34110   101.58624   101.48190   100.03401    99.85545   102.07664   103.21914    99.86629 
   96.69965    97.77641    98.85320    97.95212    96.80916    97.52798    98.90047    99.63303 
   99.91279   100.26599   100.74088   100.45798    98.21399    95.28500    87.99677    80.70846 
   85.89458    91.30365    92.86537    93.64635    92.32484    90.01006    88.94915    89.01892 
   93.38858   104.78200   116.17854   127.57851   137.62302   131.38745   125.15183   121.51447 
  106.94818   102.34845   100.64124   102.38457   104.91330   103.78665    98.58897    87.35757 
   83.71399    82.72732    94.62300    99.49463   175.21109   129.86401   121.35484   112.82401 
  108.35025   104.64406    96.04212    83.87844    80.48618    85.06963    96.65298    96.05733 
   96.36873   100.22637   104.05193   107.57266   111.09363   105.45789    98.72118    98.21586 
   99.88089    98.24876    94.33904    91.60683    90.37144    90.03792    91.96410    93.09673 
   89.20076    85.30460    88.15916    91.10502    91.39812    91.17051   102.23901   118.62642 
  120.76907   110.20490   101.18442    94.72910    91.03119    96.72179   101.56282    96.09872 
   90.63453    95.07569   100.31689   100.78965    99.87141   100.30218   101.54810   101.52209 
  100.07346    99.80077   102.02283   103.30058    99.94647    96.67463    97.75178    98.82893 
   97.97884    96.83548    97.49703    98.86997    99.62452    99.90443   100.26244   100.73726 
  100.49632    98.25190    95.42931    88.13919    80.84903    85.79388    91.20419    92.85251 
   93.63364    92.36582    90.05054    88.95276    89.02241    93.18153   104.57742   115.97508 
  127.37743   137.72963   131.49287   125.25607   121.76199   107.19283   102.37641   100.66892 
  102.34323   104.87239   103.87012    98.67159    87.41449    83.77036    82.54525    94.44275 
   99.49463   176.03239   165.37154   121.92683   113.32800   108.50790   104.78992    96.79052 
   84.54539    80.27091    84.87286    96.68253    96.08385    96.25298   100.11716   103.97401 
  107.49787   111.02174   105.60365    98.86085    98.17658    99.84339    98.33031    94.41733 
   91.62694    90.39095    90.00529    91.93253    93.17068    89.27203    85.37338    88.10051 
   91.04851    91.40132    91.17363   102.02627   118.41910   120.89704   110.32988   101.26523 
   94.80792    90.96341    96.65558   101.62788    96.16226    90.69665    95.01796   100.26041 
  100.79939    99.88094   100.28920   101.53539   101.53548   100.08661    99.78252   102.00489 
  103.32775    99.97320    96.66629    97.74356    98.82083    97.98775    96.84425    97.48672 
   98.85981    99.62169    99.90165   100.26124   100.73605   100.50911    98.26456    95.47737 
   88.18665    80.89588    85.76030    91.17101    92.84823    93.62940    92.37947    90.06406 
   88.95398    89.02361    93.11247   104.50922   115.90723   127.31043   137.76520   131.52800 
  125.29083   121.84449   107.27439   102.38574   100.67814   102.32945   104.85877   103.89792 
   98.69909    87.43346    83.78913    82.48447    94.38262    99.49463   175.21109   129.86401 
  121.35484   112.82401   108.35025   104.64406    96.04212    83.87844    80.48618    85.06963 
   96.65298    96.05733    96.36873   100.22637   104.05193   107.57266   111.09363   105.45789 
   98.72118    98.21586    99.88089    98.24876    94.33904    91.60683    90.37144    90.03792 
   91.96410    93.09673    89.20076    85.30460    88.15916    91.10502    91.39812    91.17051 
  102.23901   118.62642   120.76907   110.20490   101.18442    94.72910    91.03119    96.72179 
  101.56282    96.09872    90.63453    95.07569   100.31689   100.78965    99.87141   100.30218 
  101.54810   101.52209   100.07346    99.80077   102.02283   103.30058    99.94647    96.67463 
   97.75178    98.82893    97.97884    96.83548    97.49703    98.86997    99.62452    99.90443 
  100.26244   100.73726   100.49632    98.25190    95.42931    88.13919    80.84903    85.79388 
   91.20419    92.85251    93.63364    92.36582    90.05054    88.95276    89.02241    93.18153 
  104.57742   115.97508   127.37743   137.72963   131.49287   125.25607   121.76199   107.19283 
  102.37641   100.66892   102.34323   104.87239   103.87012    98.67159    87.41449    83.77036 
   82.54525    94.44275    99.49463   172.80334   127.92776   119.67009   111.54399   107.88007 
  104.20877    93.82984    81.90098    81.12630    85.65560    96.56552    95.97861    96.71474 
  100.55299   104.28528   107.79671   111.30899   105.02144    98.30289    98.33343    99.99319 
   98.00452    94.10457    91.54653    90.31297    90.13567    92.05870    92.87515    88.98721 
   85.39605    88.33487    91.27435    91.38854    91.16118   102.87678   119.24809   120.38538 
  109.83022   100.94223    94.49281    91.23447    96.92033   101.36775    95.90818    90.44833 
   95.24881   100.48629   100.76046    99.84282   100.34110   101.58624   101.48190   100.03401 
   99.85545   102.07664   103.21914    99.86629    96.69965    97.77641    98.85320    97.95212 
   96.80916    97.52798    98.90047    99.63303    99.91279   100.26599   100.74088   100.45798 
   98.21399    95.28500    87.99677    80.70846    85.89458    91.30365    92.86537    93.64635 
   92.32484    90.01006    88.94915    89.01892    93.38858   104.78200   116.17854   127.57851 
  137.62302   131.38745   125.15183   121.51447   106.94818   102.34845   100.64124   102.38457 
  104.91330   103.78665    98.58897    87.35757    83.71399    82.72732    94.62300    99.49463 
  168.96007   124.84538   116.95781   110.70399   107.10556   101.64078    90.24549    78.67925 
   82.17495    86.61820    96.42348    95.85014    97.28741   101.09396   104.67304   108.16904 
  110.98044   104.29678    97.60820    98.52852   100.17957    97.59886    93.71506    91.44622 
   90.21569    90.29825    92.21606    92.50690    88.63223    85.69942    88.62689    91.55582 
   91.37259    91.14562   103.93834   120.28294   119.74660   109.20650   100.53907    94.09946 
   91.57286    97.25086   101.04301    95.59096    90.30628    95.53707   100.76834   100.71185 
   99.79521   100.40591   101.64973   101.41499    99.96832    99.94654   102.16628   103.08342 
   99.73277    96.74133    97.81746    98.89362    97.90759    96.76531    97.57957    98.95128 
   99.64719    99.92668   100.27195   100.74690   100.39412    98.15079    95.04462    87.75949 
   80.65546    86.06236    91.46938    92.88678    93.66754    92.25658    89.94261    88.94315 
   89.01307    93.73358   105.12288   116.51750   127.91351   137.44534   131.21176   124.97811 
  121.10220   106.54047   102.30185   100.59515   102.45346   104.98142   103.64765    98.45142 
   87.26269    83.62012    83.03069    94.92337    99.49463   127.91140   120.78568   113.33676 
  109.55087   106.04012    96.26752    85.42239    79.32723    83.60718    96.49949    96.23177 
   95.67553    98.08092   101.84435   105.21344   108.68800   109.92680   103.28804    97.16341 
   98.79984   100.43895    97.03389    93.17235    91.30617    90.07985    90.52512    92.43570 
   91.99352    88.13718    86.12231    89.03407    91.57666    91.35031    91.12389   105.42154 
  121.72891   118.85387   108.33470    99.97570    93.54971    92.04581    97.71288   100.58912 
   95.14755    90.71828    95.94003   101.16265   100.64388    99.72865   100.49652   101.73850 
  101.32141    99.87643   100.07399   102.29166   102.89361    99.54594    96.79963    97.87488 
   98.95018    97.84531    96.70398    97.65172    99.02237    99.66700    99.94613   100.28026 
  100.75533   100.30472    98.06236    94.70824    87.42751    80.89321    86.29718    91.70132 
   92.91676    93.69720    92.16108    89.84818    88.93469    89.00491    94.21635   105.59988 
  116.99192   128.38232   137.19669   130.96594   124.73503   120.52521   105.96991   102.23663 
  100.53064   102.54985   105.07681   103.45305    98.25887    87.12991    83.48869    83.45535 
   95.34373    99.49463   122.50697   115.92148   111.46062   108.10660   100.23752    89.75742 
   79.51417    81.26540    85.39214    96.51987    95.99609    95.78180    99.08749   102.79750 
  105.90399   109.35136   108.58315   102.00072    97.52560    99.14566   100.13921    96.31247 
   92.47897    91.12674    89.90580    90.81556    92.71693    91.33706    87.50397    86.66286 
   89.55476    91.54732    91.32172    91.05057   107.32343   123.58328   117.70872   107.21629 
   99.25314    92.84457    92.65253    98.30562   100.00687    94.57870    91.24691    96.45712 
  101.46988   100.55666    99.64322   100.61283   101.85246   101.20125    99.75845   100.23766 
  102.45271   102.64978    99.30601    96.87453    97.94864    98.90530    97.76530    96.62521 
   97.74440    99.11369    99.69244    99.97110   100.29103   100.76620   100.18985    97.94868 
   94.27609    87.00095    81.19865    86.59887    91.99934    92.95527    93.73530    92.03831 
   89.72687    88.92390    88.99439    94.83669   106.21281   117.60146   128.98476   136.87717 
  130.64999   134.33018   119.78369   105.23669   102.15280   100.44772   102.67374   105.19934 
  103.20302    98.01151    86.95926    83.31983    84.00117    95.88396    99.49463 