doc/论文图与数据/探测数据/215/3130m/di.grd
DSAA
101 37
3.500000 74.000000
-25.875000 0.000000
3.228617 37.983017
[rows 0 to 27 of 37, columns 0 to 62 of 101]
18.24143 18.20927 18.06238 22.58759 22.37861 22.78299 23.61463 21.67987 20.83696 20.93122 20.58619 17.71192 17.53796 14.20678 14.09113 15.20665 15.22378 15.20342 13.35726 13.52368 14.91167 14.13688 14.75648 15.20979 15.43749 15.28620 15.84891 14.56329 14.85091 14.49292 15.62493 15.34586 14.53648 14.22514 13.82378 13.54003 13.17780 12.86391 12.72557 12.63133 12.42906 12.31426 12.29400 12.36864 12.53447 12.16203 12.25897 11.81570 11.39752 11.03679 9.93362 9.43104 10.51411 11.45423 11.24944 10.09354 9.47808 8.35087 8.43987 8.35990 8.57828 8.68772 9.22299
17.15956 17.62929 17.58479 22.68156 22.38630 22.84214 22.52741 21.29213 21.02470 20.35484 20.08925 17.20061 16.86127 13.57156 13.53626 14.72945 14.69841 14.75711 13.43250 13.10137 14.83981 14.75643 14.98223 14.85985 15.82247 15.67877 16.23223 16.03399 16.13675 15.99279 14.88712 15.34528 14.78849 14.17825 13.81494 13.45367 13.07675 12.68536 12.32516 12.31978 12.01482 11.86266 11.85619 12.04780 12.17383 12.04033 11.89576 11.45244 10.53492 9.65566 8.92027 8.52032 10.40345 12.44288 11.41515 9.51270 8.19751 7.59388 7.68479 7.77485 7.80984 8.14104 8.39634
17.96000 17.40231 17.84778 22.45313 22.71908 22.93315 22.78582 20.97608 21.24725 21.28810 20.32872 17.48378 17.31664 13.96282 13.93017 15.10837 15.04535 15.00904 13.83781 13.81170 14.79574 15.06605 15.64577 15.16408 15.42537 15.93635 16.46356 16.27042 16.58092 16.16665 15.31328 15.00028 14.92331 14.57145 13.93754 13.37377 12.92169 12.55405 12.08871 11.86196 11.44101 11.20642 11.19268 11.30718 11.68779 11.83084 11.39729 10.66602 9.50984 8.68964 8.74096 8.84261 10.20100 11.43181 9.74751 7.66488 6.66862 6.50037 6.52487 6.82225 7.58808 7.94773 8.29399
17.72110 17.67954 17.13323 22.29472 22.01055 22.77861 22.45754 20.78628 20.50393 21.08798 20.81307 17.26854 17.06451 13.93239 13.72879 14.93073 14.90248 14.83175 13.68596 13.63699 14.83131 14.51233 15.45585 15.34055 15.25733 15.11933 16.30329 16.11133 16.41566 16.16494 15.02297 14.94217 14.45621 14.44088 14.01747 13.19437 12.67682 12.24059 11.64513 11.24642 10.67758 10.24989 10.15681 10.42045 11.09570 11.47904 10.59631 9.44614 8.58578 7.86116 9.14501 11.51843 9.47295 7.34101 6.26678 4.87340 4.69417 5.19806 5.70163 6.42009 7.21688 7.69828 7.89822
18.77702 19.08293 19.03028 23.17247 23.41151 23.74502 23.76217 21.88163 21.73763 21.68698 21.95481 19.25515 18.28479 15.16512 15.16606 16.07826 16.03979 15.99207 14.89645 14.84703 15.87798 15.76356 16.02533 16.20374 16.33725 15.97665 16.41649 16.79673 17.04407 16.78498 16.05577 15.57831 15.23073 14.83955 14.18124 13.59132 12.98976 12.15626 11.40654 10.71703 9.83943 9.15731 8.82551 9.06652 9.76111 10.21789 10.01203 9.36178 8.20197 7.43389 8.07608 8.57893 7.16350 5.14030 4.08835 3.51560 3.67332 4.38259 5.24140 6.15013 6.82706 7.35799 7.77869
19.24695 19.18735 19.45988 23.53647 23.35785 24.12700 23.79600 22.23714 21.93395 21.99096 21.68382 19.63157 19.40191 15.60817 15.54817 16.57134 16.43520 16.37745 15.23098 15.31405 16.30148 16.10056 16.51234 16.20230 16.54822 16.39498 16.62910 16.42525 17.12500 16.86033 16.16427 15.90166 15.15507 14.87347 14.39528 13.59525 12.93513 12.12345 11.22791 10.22531 9.11101 8.00862 7.18629 7.28471 8.18819 8.91867 9.23429 9.16538 8.22162 7.33933 6.99935 5.96236 5.04063 3.78429 3.28442 3.22862 3.53164 4.07817 4.98585 6.12421 6.96503 7.42450 7.75456
18.63056 19.24095 19.17988 23.63324 23.32818 23.66484 23.83447 22.11915 21.95395 21.86808 21.69148 19.05106 19.43453 16.43122 15.65074 16.64711 16.59559 16.45207 15.33053 15.26632 16.35799 16.20552 16.51804 16.33981 16.26755 16.34008 16.86022 16.36636 16.75989 16.76346 16.10969 15.85723 15.40255 14.82067 14.43581 13.70090 12.96981 12.05768 11.10476 9.93572 8.59008 7.12891 5.55043 5.52501 7.19632 8.07839 8.08368 7.79965 8.29871 9.17762 7.69959 4.81212 5.07168 3.97618 3.56110 3.94751 4.09063 4.19456 5.02782 6.39980 7.27020 7.47190 7.69306
17.52382 17.44930 18.14738 22.23482 22.28417 22.65278 22.34329 21.08614 20.78264 20.94732 20.63071 18.15704 17.90836 15.68830 15.62158 15.87133 15.79305 15.87158 14.66747 14.59026 15.46197 15.64727 15.91291 15.66377 15.66021 15.60737 16.25983 16.05359 16.35609 16.13001 15.74972 15.52643 15.15036 14.81115 14.39624 13.78461 13.03433 12.09545 11.08793 9.82015 8.42023 7.05318 5.85821 5.97536 7.42098 8.04655 7.33834 6.79534 7.17967 8.44639 10.52193 11.79472 9.29627 5.67584 4.46028 4.59772 4.71436 4.93712 5.52583 6.35582 6.98184 7.28457 7.55537
16.12358 16.57913 16.53363 21.31866 21.02009 21.79094 21.47538 19.81035 20.00082 19.95748 19.91588 17.57242 17.39335 14.69496 15.07029 15.89748 15.35157 15.29580 14.38134 14.16266 15.02797 14.88468 15.32900 15.13591 15.18942 15.01449 15.43477 15.50286 15.59542 15.62802 15.27824 15.13138 14.93654 14.69233 14.31085 13.80463 13.09924 12.09019 11.04566 9.70337 8.43010 7.46192 6.90998 7.00646 7.81131 8.03260 6.40560 5.57945 5.62707 6.47448 12.01802 19.08803 13.12835 7.51834 6.15031 5.56661 5.33271 5.63972 5.94711 6.21721 6.58529 6.94497 7.25614
15.40837 16.18685 16.63555 20.37537 21.18724 21.50094 21.58102 20.08805 19.62344 20.01974 19.75697 17.69298 17.49381 14.88868 14.86628 16.09574 16.06106 15.51868 14.53311 14.56890 15.21704 15.06668 15.34219 15.26306 15.30248 15.07756 15.21182 15.26622 15.55017 15.41367 15.29173 15.18954 15.03429 14.79440 14.42305 13.88776 13.23795 11.87099 10.36962 9.18849 8.29239 7.71848 7.55170 7.32790 6.78036 5.98939 4.83600 4.12741 5.11218 6.83173 9.33469 10.57583 11.48373 11.34684 9.14488 6.88805 6.06407 5.69940 5.76799 6.38332 6.69984 6.53409 6.63807
17.57725 17.57652 18.31144 22.54851 22.22531 23.51208 23.16440 21.94250 21.65643 21.33956 21.45051 19.22784 19.16221 16.61123 16.56322 17.37482 17.58986 17.51558 16.05926 15.96869 16.66582 16.29572 16.48239 16.21484 16.19450 15.93019 15.90554 15.67940 15.86037 15.70714 15.49553 15.43987 15.23130 14.96672 14.49297 13.62260 12.58973 11.13447 9.61916 8.56736 7.89812 7.52016 7.44315 6.92818 5.70826 4.67351 4.03216 3.95443 5.27844 6.72364 7.35611 7.40052 9.28076 10.95292 10.43971 9.28987 8.02770 6.53913 5.99793 6.35092 6.52807 6.44621 6.58881
17.34286 17.94263 17.94749 22.53500 22.65236 23.10628 23.50420 21.91247 21.94722 21.75195 21.34342 19.54894 19.37328 17.05708 17.05241 17.82496 17.79004 17.89976 17.06108 16.44530 17.09528 16.80482 16.74608 16.44683 16.30412 15.96142 15.82388 15.57032 15.56545 15.46463 15.29541 15.28123 15.10031 14.80613 14.39648 13.00466 11.44408 10.23505 8.92591 8.02300 7.33653 6.84161 6.69856 6.18633 4.95719 4.21584 4.36263 4.68553 5.89087 7.29374 6.97957 7.09928 7.91109 8.60573 9.89623 11.54876 10.19158 7.84640 6.86507 6.54802 6.34809 6.64382 7.01439
17.33060 17.33793 17.93507 22.04820 22.26715 23.11235 22.75474 21.87497 21.58461 21.68734 21.42126 19.23535 19.34459 17.13433 17.14501 17.85261 17.89171 17.83735 17.19889 17.10080 17.20149 16.96343 16.92024 16.44088 16.22939 15.82853 15.56824 15.25562 15.19290 15.09936 15.04251 15.07915 14.95065 14.39102 13.49445 12.26742 10.84978 9.76479 8.86577 7.80569 6.76145 5.84424 5.05236 4.72481 4.86216 5.11545 5.56197 6.02608 6.35394 6.50234 6.57899 6.57478 7.03149 7.67922 8.57563 9.34090 9.63665 9.82893 9.06920 7.54460 6.88066 7.00989 7.27409
15.71867 16.77469 16.79837 21.54075 21.23010 22.15233 22.26521 20.93055 21.07586 20.88998 20.91708 18.98887 18.69464 16.86264 16.93018 17.67941 17.69535 17.73368 17.15619 17.02742 17.32189 16.91850 16.89532 16.42101 16.00894 15.53287 15.13163 14.75381 14.58698 14.57727 14.63950 14.77656 14.68006 14.00590 12.98296 11.81244 10.48750 9.51014 8.71565 7.55727 6.27068 5.07766 4.01739 4.08409 5.36937 6.44965 7.08298 7.40467 7.22006 6.83338 6.70497 6.47089 6.58560 6.83964 7.17590 7.43017 8.24410 9.54275 9.73221 9.05810 8.66549 8.36397 8.35120
15.76641 15.83245 16.86507 21.15354 21.32776 22.05488 21.87608 20.96404 20.67824 20.89137 20.64146 19.02395 18.89812 16.79484 17.08667 17.82148 17.88846 17.88712 17.40028 17.34164 17.53493 17.30159 17.07627 16.64972 16.07229 15.46068 14.86739 14.27771 14.01747 14.06132 14.24138 14.38731 14.35929 13.74166 12.88988 11.81552 10.44100 9.42904 8.43926 7.21280 6.00044 4.91293 3.97148 4.41855 6.49601 8.12494 8.61554 8.79884 8.51119 8.15661 7.50232 6.96748 6.56589 6.23714 6.21552 6.40564 6.89560 7.28951 8.57560 10.68913 11.46615 10.49789 10.14364
16.32256 16.23447 16.29443 21.61664 21.26637 22.38915 22.01463 20.87191 20.95764 20.71944 20.86242 19.06771 19.12490 17.31200 17.27729 18.16755 18.21328 18.31202 17.85403 17.79737 18.10287 17.65297 17.46458 16.98676 16.36132 15.55183 14.65408 13.72451 13.27728 13.50977 13.84040 13.93708 13.85430 13.57715 13.02517 12.26203 11.27197 9.75895 8.08860 6.91856 6.05772 5.36292 5.16124 5.99417 7.68022 9.18819 10.01106 10.16014 9.65985 8.99474 8.35813 7.72850 6.88170 6.08972 5.72197 5.64613 6.12609 7.00942 8.56756 10.57045 11.93758 12.64511 12.91777
18.00409 15.84225 15.77631 20.12834 20.84481 21.32896 21.50143 20.45172 20.13634 20.24813 19.97672 18.69836 18.57080 17.05912 17.15993 17.90129 18.09558 18.12496 17.95223 17.91526 18.15982 17.93687 17.66387 17.20471 16.53604 15.68590 14.55069 13.26766 12.63238 13.01107 13.48328 13.62186 13.62910 13.67263 13.41224 12.82125 12.01007 10.29273 8.33154 7.23498 6.54857 6.03472 6.14525 7.27531 9.11214 10.63390 11.29015 11.26545 10.57730 9.80228 9.10585 8.41008 7.41521 6.47761 5.95285 5.63424 6.23619 7.48243 8.99108 10.53472 12.08000 13.76957 14.59380
18.10015 17.93516 15.92109 20.22366 19.85746 21.38958 20.99223 20.47168 20.15121 19.89952 19.96436 18.45678 18.61587 17.20993 17.36168 17.80634 18.19410 18.36093 18.12936 18.19564 18.41401 18.20646 18.00507 17.57185 16.92783 16.05595 14.72770 13.11935 12.33797 12.68856 13.18185 13.58647 13.80724 14.04715 14.13197 13.29608 12.13413 10.93539 9.58224 8.42690 7.50179 6.76451 6.37479 7.57858 10.63183 12.63803 12.06425 11.66032 11.11102 10.74471 9.72861 8.69834 8.13104 7.65637 7.07740 6.61273 7.22813 8.42465 9.78954 11.23700 12.60670 13.72626 14.27646
18.19473 18.03741 17.88715 20.35535 19.91394 20.76121 20.96891 19.98491 20.12592 19.66048 19.60004 18.49733 18.42101 17.32368 17.50796 18.01380 18.16654 18.46185 18.29603 18.34875 18.51842 18.36671 18.23176 17.96704 17.26174 16.13567 14.65399 13.07923 12.36209 12.73937 13.37609 13.90306 14.25319 14.41064 14.32307 13.78719 12.92185 12.06883 11.12523 9.95890 8.78384 7.84495 7.37240 8.37184 10.71603 12.06890 11.57320 10.93814 10.94683 10.89373 10.31782 9.66611 9.24497 8.92414 8.77235 8.79644 9.20992 9.94355 10.98789 12.21951 13.25875 13.94858 14.36852
16.32202 18.27374 18.12753 20.18088 20.11400 20.91792 20.52624 20.05089 19.76393 19.69886 19.49352 18.55112 18.54214 17.40844 17.65142 18.20195 18.45554 18.62145 18.63037 18.63305 18.66743 18.47248 18.38228 18.28434 17.47172 16.07023 14.50684 13.02388 12.41802 13.04052 13.87201 14.43633 14.85681 14.90600 14.71972 14.62361 14.15757 13.56829 12.79890 11.54308 10.22497 9.20523 8.67825 9.28823 10.72072 11.46918 11.08647 10.27558 10.85872 11.13142 11.00828 10.87226 10.80202 10.68106 10.96422 11.37871 11.60577 11.87909 12.51339 13.36197 14.03155 14.41912 14.68127
16.50023 16.33255 18.19514 20.23583 19.82790 20.79849 20.51831 19.78563 19.72542 19.55366 19.42571 18.84861 18.52328 17.58134 17.83837 18.41980 18.67732 18.94107 19.01885 19.01803 18.86950 18.45328 18.27944 18.18049 17.33142 15.89648 14.39059 13.03844 12.58519 13.41584 14.46151 15.02296 15.46241 15.75429 15.75746 15.97186 16.02499 15.23890 14.16251 12.92645 11.65360 10.62351 10.11749 10.52600 11.64135 12.30330 11.99347 11.64010 11.54707 11.74298 12.07312 12.13217 12.91129 13.47081 13.55408 13.62583 13.80432 14.14137 14.36336 14.45115 14.69267 15.01075 15.14301
19.97137 16.48144 16.31243 20.21794 19.77836 20.66203 20.24865 19.68381 19.38759 19.40854 19.21760 18.74184 18.70611 17.72477 18.00785 18.54402 18.86552 19.19048 19.42858 19.50123 19.16753 18.54815 18.07446 17.62506 16.81725 15.66626 14.36397 13.20269 12.86737 13.62276 14.72411 15.66391 16.48283 17.09760 17.41366 17.51550 17.31286 16.60219 15.60506 14.33690 13.01377 11.96978 11.45568 11.79780 12.80856 13.44801 13.22537 12.85892 12.64840 12.92387 14.12225 15.28419 15.83629 15.99717 15.90851 15.83155 15.80382 15.86758 15.86514 15.75600 15.77466 15.86277 15.80960
20.56283 20.03191 16.79375 18.82908 20.06070 20.89653 20.43861 19.84262 19.53477 19.22009 19.26445 18.58034 18.58204 17.98026 18.34033 18.60280 18.99540 19.41581 19.82716 20.10252 19.50526 18.69631 17.96122 17.10618 16.40100 15.60697 14.46529 13.38914 13.08513 13.73684 14.89013 16.38553 17.74312 18.67995 19.40468 19.14107 18.39631 17.81205 17.02013 15.66261 14.27451 13.20704 12.63448 12.96394 14.05477 14.87415 14.73884 14.34855 14.32913 14.31814 16.56980 19.30304 18.62809 18.11280 17.84537 17.72502 17.45568 17.22091 17.18777 17.20968 17.18944 17.08181 16.80304
23.13006 20.28995 19.71246 18.98132 18.48141 20.82955 20.32954 19.35715 19.43691 19.13268 19.01324 18.60892 18.62408 18.15960 18.39258 18.71740 19.11111 19.56292 20.04816 20.30713 19.67080 18.73764 18.09713 17.53623 16.84466 15.93541 14.70714 13.46192 13.11142 14.01403 15.44767 17.22551 18.88423 20.07170 20.83610 20.81851 20.30703 19.28841 17.95050 16.67266 15.46131 14.38759 13.73636 14.10309 15.39762 16.49858 17.00224 17.13115 17.17609 17.47552 18.55198 19.47628 19.96273 19.98436 19.40887 18.79686 18.60460 18.64740 18.72121 18.75830 18.76036 18.71262 18.37219
23.66715 22.94281 20.14700 20.50705 18.81829 19.22163 20.29313 19.30458 19.06509 19.11264 19.03479 18.62822 18.76641 18.38842 18.56520 18.78349 19.17693 19.65825 20.05274 20.26028 19.67399 18.83175 18.54103 18.42669 17.76900 16.60244 15.17601 13.79660 13.46077 14.58933 16.24598 18.13038 19.91492 21.27752 22.18565 22.37563 22.00664 20.85993 19.30775 17.97158 16.78139 15.76508 15.15052 15.65942 17.22736 18.76941 19.88281 20.45474 20.57382 20.64438 20.87675 20.94092 21.15447 21.07190 20.45042 19.80836 19.71548 20.04723 20.30180 20.40588 20.46333 20.37046 19.91383
24.04829 23.24804 22.41060 20.66754 19.90562 19.20423 18.68194 19.10806 18.89782 19.08176 19.03022 18.84271 18.94600 18.82877 18.84968 18.77827 19.21718 19.79191 19.85127 20.05355 19.74219 19.07686 19.30474 19.70307 18.96466 17.47531 15.92756 14.52917 14.14286 15.45336 17.26777 19.07388 20.85376 22.40318 23.43245 23.74214 23.54363 22.41995 21.00423 19.62986 18.41250 17.39531 16.86970 17.62580 19.59785 21.58109 23.15090 24.08991 24.01895 23.92624 23.60456 23.44788 22.75223 21.79224 21.32764 20.86364 20.69674 21.18846 21.61096 21.96038 22.23255 21.99440 21.36062
24.21097 23.33329 22.39100 21.42401 19.83026 19.64931 18.56845 18.52990 18.41649 18.88589 19.07566 19.14146 19.41753 19.48054 19.57874 19.48970 19.27364 19.16570 19.50030 19.77958 20.25100 20.66448 20.74590 20.54455 19.81421 18.51507 17.01855 15.77815 15.45845 16.32269 17.93435 20.04072 22.12077 23.59560 24.59877 24.98135 24.71122 23.82021 22.58240 21.38080 20.28054 19.29728 18.67747 19.70247 22.46045 24.93085 26.35441 27.06169 27.01195 26.64469 26.01624 25.32503 24.63509 23.73067 22.81546 21.92148 21.34476 21.05013 21.76548 23.22170 23.96084 23.75486 23.05535
24.73904 23.78907 22.73492 21.61950 20.52151 19.33955 18.61259 18.67469 18.55497 18.69761 19.07113 19.68752 20.32009 20.58016 20.59260 20.37034 19.64421 19.21350 19.97358 20.58006 21.39231 22.11014 22.18545 21.81183 21.11645 19.92521 18.36589 17.01526 16.56864 17.24487 18.73500 20.87919 23.06437 24.66863 25.81930 26.20243 26.03775 25.21114 24.11218 23.22206 22.42314 21.67352 21.19164 22.37667 25.37801 27.97132 29.34816 29.90769 29.49800 28.85268 28.15780 27.45344 26.90658 26.04970 24.80634 23.42268 22.55741 21.94123 22.64866 24.39204 25.33899 25.31884 24.77956
