doc/论文图与数据/探测数据/2-b2-3/di.grd
DSAA
101 36
0.000000 189.000000
-67.500000 0.000000
0.088030 17.264381
[rows 0 to 28 of 36, columns 0 to 65 of 101]
0.96359 0.98523 3.31017 3.39109 2.02057 2.03462 1.96861 1.93143 1.70618 1.23218 0.25978 0.50951 1.99546 2.16164 2.27778 2.70864 0.95399 1.17911 1.69819 1.64120 1.63403 1.82555 1.41388 0.47145 0.90842 0.92654 0.69870 0.95795 0.96061 1.01112 0.15028 0.81711 2.51242 3.10221 3.22634 2.23634 2.55182 2.42844 2.58848 3.47371 3.56408 3.77292 3.91316 3.89753 3.72671 3.65973 3.79996 4.40299 5.83020 7.73540 8.96190 9.47636 9.74416 10.02563 10.30619 10.38967 10.66072 10.67884 10.27406 9.83059 9.56771 9.27159 8.80972 8.90545 8.43975 8.12143
1.11771 1.43529 3.75283 3.65763 2.83506 2.56905 2.66277 2.33335 2.35950 2.31941 0.85826 0.87184 2.43578 2.68053 2.76008 3.38275 1.59745 1.55036 2.69535 2.29854 2.22457 2.31692 2.31922 0.97231 1.43537 1.43545 1.58499 0.98622 1.17351 1.18754 1.27978 1.34427 1.72520 2.29381 2.88222 2.82768 2.64548 2.82592 3.00975 3.22008 3.44509 3.67508 3.94542 3.91693 3.40289 3.02822 2.91289 2.88518 4.22239 7.84889 8.86837 9.25567 9.50035 9.75824 10.02526 9.86101 9.94303 9.95486 9.67472 9.04057 9.10127 8.73216 8.47917 8.40313 7.85558 7.57191
3.35950 0.68439 3.30148 3.21627 2.18583 2.21353 2.09380 1.91881 1.69862 1.92712 1.01020 0.50649 1.84003 2.08872 2.24661 2.83851 1.21095 1.19814 2.02672 2.25249 1.95216 1.93830 1.90147 1.10278 1.12443 1.14811 1.30485 1.06176 0.72721 0.96276 0.99157 1.51311 1.29811 1.48925 2.19487 2.53387 2.67278 2.49406 2.76509 2.96387 3.28590 3.65801 4.25774 4.28866 3.23242 2.60454 2.61903 2.53512 3.36722 5.41086 7.12656 8.45421 8.84511 9.24575 9.51221 9.61974 9.75403 9.71575 9.87672 9.57245 9.61774 9.44018 9.14362 8.75447 8.49792 8.40256
3.80324 3.42383 3.09397 3.30864 2.31763 2.09177 2.23021 1.89850 1.81192 1.75706 1.14554 1.14254 1.95312 1.97221 2.14653 2.74527 1.14405 1.28249 2.08877 2.04822 2.27784 2.09593 1.95053 1.11227 1.61441 1.22489 1.34689 1.14660 1.16294 0.78547 1.01982 1.44386 1.66979 1.42643 1.54708 2.17430 2.32947 2.33167 2.63013 2.80500 2.94720 3.32920 4.54650 5.48522 3.95764 3.04385 3.07351 3.54835 3.90837 3.80022 4.44882 5.55338 7.53814 8.48458 8.70671 8.87569 9.07032 9.22953 9.19758 9.38337 9.53919 9.44683 8.83656 8.99234 8.53846 8.80494
4.35148 4.46225 4.66201 3.69107 3.00204 2.84075 2.68809 2.60444 2.35331 2.43592 1.54750 1.80884 3.08742 2.65069 2.61383 3.18514 1.75417 1.69731 2.66951 2.63004 2.53085 2.85406 2.49636 1.64573 2.06696 2.07517 1.84863 1.69033 1.57184 1.56009 1.30220 1.70943 1.94188 2.00432 1.56522 1.73961 2.24761 2.28464 2.50925 2.66838 2.58620 2.28232 3.47724 4.77110 3.79919 3.25177 3.48336 4.18417 4.31770 3.38297 3.10973 3.61256 5.73802 6.94084 7.56841 7.91006 8.25384 8.51139 8.78277 9.01436 9.14713 9.15640 8.94005 8.91760 8.76296 8.81467
3.95872 3.88967 4.66233 4.18600 2.32213 2.40670 2.33647 2.02860 2.00813 1.97992 1.20715 1.19357 2.76723 2.73743 2.22119 2.58488 1.23627 1.34366 2.16387 2.23629 2.17027 2.26781 2.43387 1.49834 1.76639 1.77983 1.99983 1.44211 1.44870 1.44600 1.45932 1.47353 1.80469 1.74307 1.70247 1.88440 2.00542 2.13793 2.48537 2.93746 2.96817 2.12565 2.29686 2.48614 2.91804 3.10055 3.41834 3.89606 4.07432 3.71630 3.66415 3.90711 4.34666 4.86751 5.60154 6.52224 7.42464 7.88768 8.22579 8.52781 8.72836 8.65170 8.81510 8.90882 8.79601 8.71560
3.53492 3.52031 4.21181 4.16215 2.80127 1.70259 1.92717 1.65288 1.45640 1.59917 0.78991 0.89843 2.11466 2.39853 2.34441 2.29725 0.86228 0.88416 1.78176 1.72325 1.85906 1.91543 1.85085 1.38244 1.54180 1.52186 1.62411 1.49815 1.23943 1.27737 1.18820 1.35969 1.34845 1.44572 1.51143 1.66740 1.73776 1.96371 2.34061 3.08868 3.70312 4.01457 3.38452 2.30684 3.23407 3.16762 3.09041 3.35202 3.88203 4.43826 4.59578 4.55856 4.06331 3.55206 2.93827 4.98625 6.39099 7.01823 7.51449 7.92940 8.25606 8.41808 8.64841 8.67905 8.65650 8.58147
4.66497 3.52431 4.27082 4.16539 3.15719 2.60000 1.63795 1.64123 1.48565 1.42885 0.81062 0.85129 2.16530 2.15750 2.37508 2.74909 0.87716 0.86311 1.62412 1.71626 1.68158 1.88508 1.86315 1.17030 1.72899 1.59229 1.63415 1.54754 1.55307 1.31982 1.35751 1.40423 1.28336 1.37246 1.47850 1.58304 1.73089 1.93354 2.09270 2.70765 2.96433 3.11216 4.45367 6.38299 3.27013 2.52307 2.83854 2.58227 2.86858 5.04141 4.70783 4.29183 4.08048 3.58923 3.16070 3.88736 4.78109 5.85273 6.46881 7.18230 7.65629 7.93168 8.20056 8.25036 8.23190 8.12951
4.58779 4.69763 4.26257 4.28879 3.29431 3.00932 2.61119 1.44898 1.52696 1.48098 0.73572 0.90303 2.18255 2.24464 2.17098 2.83299 1.35274 0.90874 1.57813 1.60373 1.66809 1.75569 1.85279 1.25051 1.55921 1.78993 1.78304 1.61336 1.64758 1.61410 1.49223 1.65430 1.61560 1.56677 1.49735 1.58722 1.79085 2.13907 2.91432 3.34067 3.37126 3.09195 3.64960 4.19048 3.86385 3.41319 3.34387 3.65456 3.85542 3.03074 3.56476 4.11674 4.58632 4.31482 3.68745 3.44256 3.47269 3.38655 4.88628 6.32902 6.83759 7.33577 7.62305 7.66144 7.56375 7.31192
4.85240 4.74453 4.92407 4.38246 3.50454 3.24599 3.11887 2.41474 1.45770 1.62433 0.84675 0.92658 2.26577 2.34856 2.35619 2.66472 1.49965 1.45906 1.70048 1.62061 1.65254 1.80312 1.78295 1.35167 1.54206 1.66797 1.81443 1.74618 1.75208 1.71477 1.80717 1.82046 1.74119 1.73478 1.65900 1.62768 2.07447 2.54864 2.47127 5.18144 6.10136 3.76843 2.94453 2.81263 3.50406 3.73076 3.82316 4.03655 3.94498 3.64087 3.18534 3.25574 4.81127 4.68225 3.78308 3.46624 3.19200 3.02353 3.40282 4.26316 5.72392 6.62439 7.11409 7.11424 6.90626 6.73910
2.94188 3.85757 3.70766 3.92192 2.47196 2.37571 2.28660 1.88602 1.31444 0.56272 0.08803 0.08803 1.35491 1.54948 1.57776 1.98620 0.70529 0.80022 1.41650 0.98745 0.91363 1.10252 1.16674 0.73155 1.05736 1.12010 1.30490 1.37988 1.54686 1.60936 1.70246 1.78433 1.82055 1.89386 2.00417 2.26259 2.33199 3.84025 6.69887 6.27867 5.14377 3.80812 3.16608 2.96543 3.15961 3.48833 4.10034 4.67232 4.75962 4.15648 3.68942 3.57415 3.69206 3.63633 3.60037 4.32000 4.23901 2.99219 2.66845 3.04417 3.88284 5.35222 6.68011 6.31604 5.98700 5.88542
3.29935 3.22628 4.05812 3.94294 3.28771 2.52274 2.58198 2.19518 1.90253 1.53393 0.12219 0.32890 1.48656 1.63081 1.72379 2.17135 0.95865 0.92386 1.61569 1.54359 1.13445 1.32389 1.24539 0.97546 1.22990 1.27984 1.33203 1.60501 1.70796 1.79174 1.91686 2.02231 2.04163 2.10637 2.26584 2.87365 4.47010 5.96892 7.15677 4.92115 3.10806 3.22279 3.88411 4.40852 3.51145 3.43145 4.31019 5.31692 5.74668 5.18901 4.39342 3.73097 3.24903 2.83962 2.70057 3.90233 4.11033 2.81431 2.43401 2.65025 3.07250 3.95103 4.76553 4.71804 4.76709 4.95691
2.70819 3.32902 3.72595 4.06150 3.06531 3.09808 2.50123 2.26176 1.98508 1.90241 0.75023 0.20287 1.52857 1.60660 1.61397 2.09348 0.97352 1.00689 1.53100 1.59530 1.52162 1.40717 1.37381 1.08536 1.23920 1.38163 1.48334 1.59830 1.69903 1.92749 2.11106 2.11632 2.06276 2.08972 2.55224 3.40747 6.02399 6.08354 3.14002 3.05611 2.86697 2.97192 3.92452 4.96170 3.66055 3.51451 4.37435 5.33661 5.98394 6.22550 4.97186 3.72771 3.91278 3.03011 1.84034 2.36060 2.62821 2.42698 2.46200 2.74419 3.31435 2.94534 2.18330 2.65368 3.25140 4.01855
2.15905 3.02710 4.11797 3.99708 3.42573 3.16754 3.33566 2.46988 2.31348 2.23084 1.42689 1.08431 1.63586 1.86209 1.79960 2.21295 1.37849 1.22434 1.78568 1.72856 1.76284 1.60020 1.65265 1.35329 1.53968 1.53570 1.55421 1.64117 1.77257 1.95861 2.22735 2.02568 1.87027 1.89996 2.87617 4.55309 3.61139 3.13019 2.93519 3.58673 3.82035 3.21410 2.94929 2.78071 3.00165 3.41664 4.33732 5.21619 5.69495 5.70682 5.19311 4.73374 4.09718 3.08383 2.14467 1.74329 2.04720 2.31542 2.88572 3.14948 2.87033 2.30423 1.66338 1.51611 2.07293 3.28376
2.25711 2.22321 3.42892 4.12728 3.23270 3.27156 3.18789 3.01584 2.32012 2.32883 1.49897 1.52552 2.11434 1.76214 1.83359 2.14454 1.31362 1.40740 1.77695 1.77486 1.55533 1.69476 1.71305 1.56048 1.73047 1.70222 1.61446 1.58850 1.78410 1.92218 1.94306 2.07456 1.89849 2.31096 2.40485 2.45487 2.57585 3.02540 3.26319 5.10983 5.25925 3.00696 2.37342 2.35887 2.61349 3.26897 4.28000 5.29822 5.73327 5.03304 4.76566 4.58277 4.32102 3.14866 1.51176 2.23970 2.85476 3.98534 3.10048 2.69213 2.15760 2.01594 1.91022 2.01558 2.22796 2.27775
4.18427 2.44406 3.25714 3.56086 3.44625 3.23455 3.39125 3.01393 2.89374 2.43130 1.72321 1.68544 2.54944 2.18091 1.81363 2.23023 1.66974 1.41352 1.82362 1.85219 1.71210 1.93109 2.00030 1.83595 2.04904 2.05803 1.87651 1.51777 1.92984 2.18839 1.61547 3.30568 4.20723 2.16376 1.71557 2.06332 2.55241 4.25162 7.98724 5.77776 3.94334 2.91798 2.39271 2.31965 2.63043 3.24487 4.15823 5.02467 5.39585 5.33096 4.25210 3.32349 3.70807 3.07005 2.58239 5.46493 6.18419 3.11961 1.94089 1.32366 1.93834 2.21049 2.47863 2.59667 2.66290 2.76912
4.93797 4.17205 3.33109 3.21694 2.71877 3.29175 3.20477 3.06633 2.80562 2.84435 1.79104 1.77838 2.50503 2.43215 2.06741 2.10054 1.65066 1.60877 1.82885 1.76370 1.83711 2.01745 2.05578 2.13838 2.43727 2.62514 2.55188 2.53956 2.31134 2.98562 5.16113 3.88022 2.40330 1.62351 1.64608 2.09407 4.84488 5.73821 4.65506 4.12664 3.22404 2.80728 2.61176 2.63123 2.46666 2.94664 3.97190 4.99871 5.39921 4.80853 3.90059 3.14188 2.94711 2.67137 2.83489 4.20247 4.18848 2.21113 1.56812 1.58829 1.57053 2.20052 2.92873 3.00600 2.95468 2.69353
4.45243 5.07659 5.72977 3.49939 2.74060 2.77771 3.46270 3.12593 3.02994 2.95251 2.29018 1.98109 2.73797 2.62394 2.39137 2.24443 1.69774 1.67626 1.91676 1.86520 1.92495 2.04893 2.17380 2.34342 2.76450 3.25343 3.16612 2.93388 4.52076 5.15964 4.11538 2.55058 1.36385 1.30600 3.25145 5.70994 4.99583 3.93710 2.66811 2.88601 2.97914 2.57990 2.52904 2.61585 2.28544 2.69084 3.72657 4.62618 4.87583 4.33879 3.60378 2.94718 2.27126 2.04810 2.12183 2.21130 2.09031 1.82062 1.72798 1.93887 2.25270 2.49794 2.63686 2.86237 2.90503 2.77200
3.93027 4.43346 6.39311 5.67385 2.86153 2.76941 2.84895 3.27098 3.07244 3.10062 2.42501 2.39669 2.77094 2.73548 2.49884 2.36328 1.68760 1.60749 1.93318 1.91894 1.95084 2.05701 2.18757 2.36362 2.75971 3.40339 3.77281 4.09014 5.41886 4.95716 2.05275 1.20169 1.67346 3.59671 5.03523 5.70990 3.44362 2.26181 2.35243 2.81690 2.95079 2.33406 2.16919 2.27328 2.30219 2.75374 3.58926 4.28092 4.42026 3.97306 3.07395 2.34884 2.12201 1.95127 1.75373 1.59925 1.60288 1.85970 1.95815 2.27967 2.90421 2.90374 2.53327 2.33934 2.44773 2.80452
3.83851 3.90519 5.64099 6.23517 4.85437 2.90305 2.87153 2.77617 3.26799 3.20578 2.67241 2.61335 3.05490 2.74788 2.60879 2.26620 1.79812 1.77592 2.00394 2.04577 2.05490 2.09773 2.23043 2.28581 2.46566 3.11695 3.92840 5.03157 4.39893 3.22002 1.77431 1.51846 2.42737 5.03251 4.24065 2.02866 2.44641 2.51924 2.63597 2.92105 2.83349 2.15698 1.89996 1.96055 2.31504 2.81516 3.51979 4.24100 4.28679 3.50427 2.58000 1.96069 2.34701 2.15330 1.77900 1.74433 1.74446 1.75941 2.04887 2.55934 2.96501 3.04558 2.85183 2.27519 2.28202 2.75546
3.58627 3.74992 5.06391 5.45648 5.38880 4.63274 3.01579 2.86871 2.91065 3.45732 2.70193 2.92261 3.09165 3.07066 2.62109 2.31517 1.82594 1.84422 2.10871 2.32193 2.43484 2.43531 2.49160 2.84399 2.87082 3.29849 3.42092 3.50270 4.27643 3.70011 1.94498 2.27669 3.08256 1.43385 1.50087 1.82489 2.50386 2.96545 3.10581 3.13276 2.78514 2.06489 1.82531 2.00300 2.02955 2.52820 3.32523 4.01873 4.01988 2.92129 2.61365 2.53112 2.22219 1.98495 1.78411 2.12163 2.11121 1.60191 1.87940 2.44367 2.91578 3.03381 2.87140 2.95267 2.94466 2.74554
3.80804 3.70902 5.14201 5.08014 4.89197 5.30729 4.76097 3.12730 3.20154 3.25623 3.12617 3.12520 3.51235 3.22992 2.90171 2.33040 1.79928 1.83512 2.23493 2.75553 3.16026 3.49089 3.07878 4.46866 5.80086 3.68383 3.20574 3.58789 4.37389 4.08084 3.01067 1.59396 0.79864 0.83941 1.00440 1.80105 2.46132 3.01927 3.25351 3.51554 3.28541 2.19693 1.77367 1.75449 1.94839 2.44692 3.16793 3.61214 3.56312 3.50670 2.86274 2.53596 2.38248 2.11919 1.91796 2.42271 2.37701 1.83986 1.61397 1.98510 2.79266 3.04920 3.09539 3.17858 3.34404 3.41223
2.74817 3.81285 4.99301 5.05456 4.58079 4.79570 5.31389 4.64373 3.55098 3.65369 3.49918 3.66968 3.96617 3.77466 3.16385 2.36298 1.58850 1.65458 2.21377 3.09273 3.36898 4.06686 6.01357 5.17045 3.78629 3.49498 3.31134 3.45586 4.18522 3.45901 1.07510 0.90863 1.00648 0.76412 0.77962 1.10235 2.17114 2.86716 3.09498 3.58386 3.48997 2.41613 1.85878 1.70969 1.81841 2.33351 3.18404 4.06413 4.22288 3.19609 2.92532 2.72356 3.05604 2.57032 1.95164 2.47872 2.26049 0.87353 1.36579 2.21181 2.67265 3.13793 3.39453 3.88375 4.25395 4.49018
3.81507 2.81813 4.83444 4.91816 4.53891 4.46102 4.87912 5.09837 4.96359 4.14363 4.51805 4.31145 4.61187 4.52565 3.98234 2.64696 1.18532 1.34849 1.93649 2.63347 4.11887 5.28981 5.48773 4.84795 3.85589 3.91738 3.99195 4.35794 4.92928 4.05831 1.79634 1.26245 1.54518 1.15724 0.89575 0.99134 1.71836 2.47118 3.01356 3.24434 3.02433 2.37097 1.90246 1.72919 1.54162 2.09588 3.19887 4.16175 4.41895 3.94633 3.90323 4.16161 3.71360 2.91549 2.11433 2.15279 1.97279 1.36886 1.53851 2.28854 3.19135 3.87228 4.34748 4.81912 5.10236 5.08459
3.75158 3.59991 3.87626 4.56868 4.37369 4.35392 4.48917 4.91244 5.04829 5.31039 5.16065 5.27691 5.34700 5.40455 5.45337 3.88610 1.80626 1.47206 2.04782 3.37705 4.43779 5.20170 5.21156 4.82590 4.36063 3.84714 4.05463 4.71513 5.68223 4.81153 2.14223 1.28238 1.47166 1.55614 1.12813 0.84283 1.55320 2.30433 2.73989 2.95052 2.75583 2.18806 1.73302 1.51781 1.59683 2.21071 3.28157 4.30493 4.78268 4.68919 4.52856 4.57904 4.73249 3.53631 1.85734 1.97985 2.06303 1.78974 1.97702 2.80001 4.05517 4.94144 5.40134 5.40757 5.37309 5.13631
4.37658 4.20196 3.90041 4.20436 4.68097 4.72736 4.82000 5.03439 5.31367 5.71610 5.79339 5.96200 5.86319 5.88001 6.21192 5.61164 4.44249 2.90198 2.77700 3.87677 4.34251 4.89237 5.64415 4.61235 3.68199 4.19730 4.60877 4.98479 6.18896 5.28323 2.09664 0.83948 0.86551 1.22419 0.90589 0.61915 1.50730 2.26285 2.53777 2.81166 2.66172 1.95150 1.53129 1.37036 1.48493 2.16645 3.39373 4.70646 5.43329 5.29853 4.79995 4.56034 5.11933 4.00925 2.17612 2.20939 2.28325 2.00969 2.49130 3.67247 5.23372 5.96680 5.99763 5.72220 5.51356 5.22272
4.38294 4.20827 3.85774 3.77367 3.71062 4.53705 4.64773 5.03275 5.43864 6.02583 6.53558 6.85928 6.47510 6.08698 6.28442 6.47941 6.70770 5.44015 4.82288 4.35026 4.92216 5.05784 5.10210 4.03716 3.60835 5.76598 5.94609 5.50593 6.68751 5.69969 2.15471 0.57694 0.35245 0.50770 0.50073 0.59643 1.50900 2.23382 2.55877 2.75663 2.59448 1.97622 1.61742 1.41917 1.24411 1.95627 3.39744 4.86726 5.81765 5.84509 5.23012 4.75489 4.94267 4.14214 2.85593 2.38073 2.29356 2.23828 2.99891 4.42096 6.21605 6.71657 6.30897 6.11115 5.78683 5.33534
4.53182 4.31740 4.08839 3.87226 3.84169 4.27288 4.52170 4.87448 5.40397 6.16331 7.15339 8.11164 7.65884 6.92533 7.30836 6.81778 5.87911 8.19325 8.15796 6.42649 6.59789 5.27411 2.15841 3.83245 6.79791 7.23006 6.67044 5.83772 7.06531 5.89040 1.90295 0.41435 0.28657 0.23829 0.49866 1.01473 1.64209 2.20923 2.72637 2.82744 2.67960 2.47952 1.96177 1.57497 1.54504 2.19139 3.42816 4.59448 5.46548 6.06910 5.44697 4.93302 5.18082 4.35879 2.89756 2.24764 2.20761 2.71755 3.40271 4.71439 6.55166 7.22855 6.90331 6.51163 5.90907 5.05815
4.64758 4.36485 4.10621 3.92015 3.75470 3.65568 4.31228 4.68069 5.27875 6.04711 6.96111 9.06881 8.05035 8.12154 7.01571 7.88912 9.59658 9.28995 9.73399 11.16161 8.11020 4.76745 1.61442 4.17504 7.98103 8.23148 7.29845 6.05332 7.47664 6.08578 1.44426 0.30119 0.32064 0.19772 0.63616 1.43949 1.83228 2.15954 2.33994 3.12703 3.35942 2.39078 2.18761 2.32332 2.09050 2.65133 3.69343 4.64493 5.21855 5.34095 5.11564 5.20979 5.59992 4.76333 3.04724 2.63831 2.67177 3.22573 3.62641 4.90102 7.15077 7.86161 7.50262 6.56705 5.93232 5.33130
