doc/论文图与数据/探测数据/215/3090m/1116-215jiaodai-3-cq.grd
DSAA
101 11
0.000000 69.750000
-3.487500 3.487500
57.686783 166.938629

  141.15872   139.81436   138.01691   132.07983   109.00220   105.34672   101.98086   100.00881 
   98.41568    85.53521    84.56923    84.00741    84.11642    84.03408    79.88911    73.85580 
   79.84480   100.84235   116.58792   115.85363   115.79451   123.55006   131.31842   115.99157 
   96.88686    81.09912    68.12051    69.83482    84.52470    87.49171    70.44856    60.13000 
   76.64877    93.00830    95.03654    97.10092   104.69484   112.97528   117.20917   119.93112 
  114.01126   100.36944    93.01050    96.86545    99.03255    92.46022    85.87121   106.63073 
  127.39359   113.85527    93.94115    89.52806    92.26232    98.42352   107.37330   106.26980 
   88.75929    77.43665    87.69690    96.10553    78.71989    61.33242    77.53674    97.23184 
  104.01907   106.36345   109.02538   112.00172   114.47800   116.42402   116.29042   110.61391 
  106.39884   111.87056   117.34268   115.62756   113.81792   102.47321    88.88152    83.07697 
   81.32944    86.51730    98.39246   105.20798   102.74484   100.99840   102.17149   106.89570 
  104.57227   102.24876   102.43707   102.92859   106.61052   105.92967   105.93288   106.42981 
  113.69838   116.78872   118.08878   114.74747    99.38077   142.60216   141.10587   139.49648 
  135.14204   128.79431   106.97115   103.47378   100.49853    98.87756    86.12239    84.93449 
   83.93088    83.96714    83.90106    81.17204    75.08387    75.44874    96.63513   116.67387 
  115.93878   115.20410   122.11996   129.94283   118.84694    99.65294    83.17947    70.13117 
   67.69830    82.45444    90.06231    72.93745    57.89809    74.48065    91.06969    94.75829 
   96.83058   103.61102   111.92141   116.89996   119.62943   115.54714   101.86836    92.62395 
   96.48727    99.59346    93.01083    86.42756   104.87568   125.67068   115.49561    95.55222 
   89.31674    92.05456    97.68710   106.64999   107.63405    90.10039    76.63736    86.91115 
   97.18571    79.98716    62.57954    76.17618    95.89180   103.84290   106.19016   108.83350 
  111.81258   114.37536   116.32246   116.64264   110.96135   106.04290   111.51967   116.99666 
  115.75395   113.94243   103.24100    89.63980    83.18176    81.43288    85.86652    97.74950 
  105.33740   102.87276   100.93741   102.11121   103.28503   104.69102   102.36618   102.41296 
  102.90473   106.64272   105.96156   105.90994   106.40709   113.55347   116.64534   118.24226 
  114.89938    99.38077   165.37727   142.20694   140.46597   137.62457   131.05734   108.28927 
  104.67631   101.03320    99.24127    97.59519    85.22619    84.20149    83.84501    83.79287 
   82.17809    76.04627    71.99994    93.33701   114.69111   116.00464   115.26929   121.00034 
  128.86639   121.07728   101.81288    84.80558    71.70227    66.02945    80.83778    92.07054 
   74.88132    57.68678    72.78870    89.42507    94.54111    96.61961   102.76526   111.09916 
  116.65884   119.39422   116.74466   103.03692    92.32271    96.19257   100.03028    93.43967 
   86.84871   103.50883   124.32887   116.77309    96.80685    89.15221    91.89277    97.11353 
  106.08672   108.69642    91.14473    76.01495    86.29927    96.58407    80.97392    63.55060 
   75.11691    94.84851   103.70574   106.05523   108.68417   111.66531   114.29546   116.24346 
  116.91681   111.23183   105.76582   111.24649   116.72733   115.85233   114.03940   103.83859 
   90.23000    83.26334    81.51338    85.36008    97.24914   105.43811   102.97231   100.88995 
  102.06429   103.23865   104.78342   102.45755   102.39417   102.88617   106.66779   105.98637 
  105.89208   106.38942   113.44073   116.53374   118.36166   115.01758    99.38077   166.22575 
  143.06024   141.20294   139.36047   132.71918   125.95331   105.55996   101.84106    99.50346 
   97.84283    85.43896    84.39825    83.75430    83.71288    82.90119    76.73766    70.57199 
   90.96700   112.42149   116.05147   115.31570   120.19662   128.09399   122.67549   103.36040 
   85.97147    72.82841    64.83355    79.67955    93.50984    76.27414    59.03608    71.57712 
   88.24755    94.38556    96.46855   102.15965   110.51051   116.48628   119.22590   117.60166 
  103.87308    92.10721    95.98177    99.85651    93.74632    87.14975   102.53146   123.36952 
  117.68654    97.70387    89.03458    91.77711    96.70348   105.68398   109.45591    91.89135 
   75.57001    85.86187    96.15392    81.67932    64.24468    74.35975    94.10283   103.60772 
  105.95879   108.57742   111.56006   114.23838   116.18700   117.11278   111.42512   105.73740 
  111.05127   116.53481   115.92265   114.10868   104.26562    90.65170    83.32162    81.57092 
   84.99814    96.89154   105.51008   103.04345   100.85605   102.03077   103.20550   104.84945 
  102.52283   102.38077   102.87289   106.68571   106.00410   105.87933   106.37679   113.36017 
  116.45403   118.44697   115.10204    99.38077   166.75731   143.61649   141.66599   139.71858 
  133.73579   126.87922   106.10085   102.33378    99.66172    97.99225    85.56850    84.51776 
   83.69840    83.66373    83.33687    77.15408    70.97076    89.53926   111.05469   116.07947 
  115.34349   119.71278   127.62910   123.63647   104.29077    86.67276    73.50568    64.11443 
   78.98319    93.85237    77.11165    59.84728    70.84896    87.53995    94.29208    96.37777 
  101.79571   110.15674   116.38262   119.12479   118.11650   104.37537    91.97778    95.85516 
   99.73261    93.93041    87.33053   101.94460   122.79346   118.23494    98.24249    88.96394 
   91.70768    96.45728   105.44221   109.91186    92.33952    75.30285    85.59927    95.89572 
   82.10271    64.66142    73.90529    93.65521   103.54884   105.90089   108.51333   111.49689 
  114.20411   116.15313   117.23037   111.54111   105.85185   110.93409   116.41927   115.96485 
  114.15025   104.52190    90.90482    83.35661    81.60543    84.78093    96.67693   105.55327 
  103.08615   100.83569   102.01065   103.18561   104.88908   102.56201   102.37271   102.86493 
  106.69646   106.01474   105.87167   106.36922   113.31184   116.40617   118.49817   115.15273 
   99.38077   166.93863   164.58505   141.82420   139.85507   134.07806   127.19041   106.28304 
  102.49941    99.71464    98.04220    85.61200    84.55786    83.67951    83.64716    83.48241 
   77.29317    71.10393    89.06239   110.59828   116.08879   115.35273   119.55122   127.47391 
  123.95718   104.60123    86.90679    73.73170    63.87452    78.75079    93.62712    77.39110 
   60.11796    70.60603    87.30387    94.26089    96.34748   101.67428   110.03871   116.34805 
  119.09106   118.28821   104.54291    91.93461    95.81296    99.69128    93.99176    87.39082 
  101.74895   122.60136   118.41788    98.42204    88.94040    91.68452    96.37516   105.36160 
  110.06393    92.48904    75.21378    85.51168    95.80964    82.24393    64.80028    73.75370 
   93.50598   103.52923   105.88158   108.49198   111.47583   114.19268   116.14182   117.26958 
  111.57980   105.88998   110.89503   116.38074   115.97894   114.16412   104.60733    90.98923 
   83.36827    81.61695    84.70849    96.60540   105.56767   103.10037   100.82891   102.00395 
  103.17898   104.90228   102.57507   102.37003   102.86228   106.70004   106.01828   105.86913 
  106.36668   113.29572   116.39023   118.51526   115.16963    99.38077   166.75731   143.61649 
  141.66599   139.71858   133.73579   126.87922   106.10085   102.33378    99.66172    97.99225 
   85.56850    84.51776    83.69840    83.66373    83.33687    77.15408    70.97076    89.53926 
  111.05469   116.07947   115.34349   119.71278   127.62910   123.63647   104.29077    86.67276 
   73.50568    64.11443    78.98319    93.85237    77.11165    59.84728    70.84896    87.53995 
   94.29208    96.37777   101.79571   110.15674   116.38262   119.12479   118.11650   104.37537 
   91.97778    95.85516    99.73261    93.93041    87.33053   101.94460   122.79346   118.23495 
   98.24249    88.96394    91.70768    96.45728   105.44221   109.91186    92.33955    75.30285 
   85.59927    95.89572    82.10271    64.66142    73.90529    93.65521   103.54884   105.90089 
  108.51333   111.49689   114.20411   116.15313   117.23037   111.54111   105.85185   110.93409 
  116.41927   115.96485   114.15025   104.52190    90.90482    83.35661    81.60543    84.78093 
   96.67693   105.55327   103.08615   100.83569   102.01065   103.18561   104.88908   102.56201 
  102.37271   102.86493   106.69646   106.01474   105.87167   106.36922   113.31184   116.40617 
  118.49817   115.15273    99.38077   166.22575   143.06024   141.20294   139.36047   132.71918 
  125.95331   105.55996   101.84106    99.50346    97.84283    85.43896    84.39825    83.75430 
   83.71288    82.90119    76.73766    70.57199    90.96700   112.42149   116.05147   115.31570 
  120.19661   128.09399   122.67549   103.36040    85.97147    72.82841    64.83355    79.67955 
   93.50984    76.27414    59.03608    71.57712    88.24755    94.38556    96.46855   102.15965 
  110.51051   116.48628   119.22590   117.60166   103.87308    92.10721    95.98177    99.85651 
   93.74632    87.14975   102.53146   123.36952   117.68654    97.70387    89.03458    91.77711 
   96.70348   105.68398   109.45591    91.89135    75.57001    85.86187    96.15392    81.67932 
   64.24468    74.35975    94.10283   103.60772   105.95879   108.57742   111.56006   114.23838 
  116.18700   117.11278   111.42512   105.73740   111.05127   116.53481   115.92265   114.10868 
  104.26562    90.65170    83.32162    81.57092    84.99814    96.89154   105.51008   103.04345 
  100.85605   102.03077   103.20550   104.84945   102.52283   102.38077   102.87289   106.68571 
  106.00410   105.87933   106.37679   113.36017   116.45403   118.44697   115.10204    99.38077 
  165.37727   142.20694   140.46597   137.62457   131.05734   108.28927   104.67631   101.03320 
   99.24127    97.59519    85.22619    84.20149    83.84501    83.79286    82.17809    76.04627 
   71.99994    93.33701   114.69111   116.00464   115.26929   121.00034   128.86639   121.07728 
  101.81288    84.80558    71.70227    66.02945    80.83778    92.07058    74.88132    57.68678 
   72.78870    89.42507    94.54111    96.61961   102.76526   111.09916   116.65884   119.39422 
  116.74466   103.03692    92.32271    96.19257   100.03028    93.43967    86.84871   103.50883 
  124.32887   116.77309    96.80685    89.15221    91.89277    97.11353   106.08672   108.69642 
   91.14473    76.01495    86.29927    96.58407    80.97392    63.55060    75.11691    94.84851 
  103.70574   106.05523   108.68417   111.66531   114.29546   116.24346   116.91681   111.23183 
  105.76582   111.24649   116.72733   115.85233   114.03940   103.83859    90.23000    83.26334 
   81.51338    85.36008    97.24914   105.43811   102.97231   100.88995   102.06429   103.23865 
  104.78342   102.45755   102.39417   102.88617   106.66779   105.98637   105.89208   106.38942 
  113.44073   116.53374   118.36166   115.01758    99.38077   142.60216   141.10587   139.49648 
  135.14204   128.79431   106.97115   103.47378   100.49853    98.87756    86.12239    84.93449 
   83.93088    83.96714    83.90106    81.17204    75.08387    75.44874    96.63513   116.67387 
  115.93878   115.20410   122.11996   129.94283   118.84694    99.65294    83.17947    70.13117 
   67.69830    82.45444    90.06231    72.93745    57.89809    74.48065    91.06969    94.75829 
   96.83058   103.61102   111.92141   116.89996   119.62943   115.54714   101.86836    92.62395 
   96.48727    99.59346    93.01083    86.42756   104.87568   125.67068   115.49561    95.55222 
   89.31674    92.05456    97.68710   106.64999   107.63405    90.10039    76.63736    86.91115 
   97.18571    79.98716    62.57954    76.17618    95.89180   103.84290   106.19016   108.83350 
  111.81258   114.37536   116.32246   116.64264   110.96135   106.04290   111.51967   116.99666 
  115.75395   113.94243   103.24100    89.63980    83.18176    81.43288    85.86652    97.74950 
  105.33740   102.87276   100.93741   102.11121   103.28503   104.69102   102.36618   102.41296 
  102.90473   106.64272   105.96156   105.90994   106.40709   113.55347   116.64534   118.24226 
  114.89938    99.38077   141.15872   139.81436   138.01691   132.07983   109.00220   105.34672 
  101.98086   100.00881    98.41568    85.53521    84.56923    84.00741    84.11642    84.03408 
   79.88911    73.85580    79.84480   100.84235   116.58792   115.85363   115.79451   123.55006 
  131.31842   115.99157    96.88686    81.09912    68.12051    69.83482    84.52470    87.49171 
   70.44856    60.13001    76.64877    93.00830    95.03654    97.10092   104.69484   112.97528 
  117.20917   119.93112   114.01126   100.36944    93.01050    96.86545    99.03255    92.46022 
   85.87121   106.63073   127.39359   113.85527    93.94115    89.52806    92.26232    98.42352 
  107.37330   106.26980    88.75929    77.43665    87.69690    96.10553    78.71989    61.33242 
   77.53674    97.23184   104.01907   106.36345   109.02538   112.00172   114.47800   116.42402 
  116.29042   110.61391   106.39884   111.87056   117.34268   115.62756   113.81792   102.47321 
   88.88152    83.07697    81.32944    86.51730    98.39246   105.20798   102.74484   100.99840 
  102.17149   106.89570   104.57227   102.24876   102.43707   102.92859   106.61052   105.92967 
  105.93288   106.42981   113.69838   116.78872   118.08878   114.74747    99.38077 