doc/论文图与数据/探测数据/215/3090m/di.grd
DSAA
101 37
3.500000 74.000000
-25.875000 0.000000
3.314066 31.366316
[rows 0 to 27 of 37, columns 0 to 62 of 101]
12.46257 12.48398 12.41885 12.78224 12.25038 12.11849 11.34209 11.20816 11.11739 9.64603 9.70624 9.87933 9.87451 9.58554 9.42101 9.40069 9.89930 9.85445 10.95258 11.14285 11.81485 11.57939 11.60312 11.51472 11.68443 11.39165 11.16959 11.10246 10.63310 10.56138 10.32065 10.27098 10.70161 10.61861 10.66430 10.98009 10.81162 10.95846 10.80455 10.53214 10.39574 10.08117 9.94551 9.72989 9.53421 9.45366 9.33235 9.21470 9.11378 9.10991 8.26560 7.51515 7.99590 8.31940 8.17581 7.79111 7.28115 6.81068 6.40453 6.08065 5.76410 5.49472 5.76397
11.79776 11.74205 11.75168 12.19000 12.17934 11.30782 11.29849 10.99477 10.96441 9.47281 9.47097 9.49485 9.99327 9.65002 9.62309 9.61730 9.58102 10.16853 10.62804 10.82058 11.70355 11.62988 11.57088 11.50518 11.62914 11.55047 11.36377 11.02022 10.62874 10.61245 10.40361 10.33810 10.85030 10.68235 10.60100 11.02087 10.89639 10.90291 10.79562 10.36772 10.26463 9.99264 9.83532 9.59935 9.44948 9.31280 9.15778 8.99814 8.69552 8.41339 8.25968 8.18072 8.57196 8.98333 8.60157 7.93568 7.30924 6.83532 6.40164 6.07198 5.69171 5.51741 5.38499
12.15965 11.63050 11.57633 11.97643 12.02005 11.96107 11.20392 11.08799 10.93245 9.62000 9.49818 9.44339 9.52471 9.65663 9.63174 9.65623 9.59745 9.56524 10.61462 10.54240 11.38800 11.56023 11.56957 11.43544 11.57869 11.47513 11.36727 11.19508 10.57868 10.51141 10.38326 10.32340 10.79042 10.70842 10.55672 10.89405 10.82203 10.65650 10.61736 10.30352 10.14043 9.90644 9.71565 9.49186 9.31231 9.07466 8.75516 8.53828 8.28442 8.16289 8.52882 8.85551 9.14702 9.32199 8.70329 7.84602 7.18397 6.72552 6.38298 6.07193 5.78111 5.52246 5.40098
12.19938 12.18905 11.67085 12.01256 12.00417 12.01969 12.00708 11.13928 11.12909 9.70709 9.70275 9.52210 9.52301 9.27004 9.69844 9.71457 9.69156 9.64081 10.08543 10.61925 11.19987 11.37692 11.64200 11.57002 11.65181 11.55967 11.41777 11.31479 10.87956 10.52689 10.55126 10.34225 10.81369 10.71461 10.63354 10.88793 10.77220 10.63693 10.47770 10.27104 10.07887 9.81227 9.56778 9.27724 9.03756 8.76835 8.17600 7.82840 8.14354 8.39025 9.00840 9.69245 9.39362 9.00524 8.36040 7.51294 6.99336 6.64804 6.34544 6.03954 5.79277 5.54101 5.27322
12.20209 12.43947 12.42695 12.28876 12.24634 12.09973 12.28820 12.16919 11.44579 10.09200 10.12698 9.99690 9.91428 9.68878 9.64716 10.04215 10.02090 10.00236 10.41860 10.35571 11.45674 11.36355 11.59006 11.75771 11.84578 11.73354 11.60288 11.44709 11.04648 10.92210 10.68964 10.61514 10.88412 10.80374 10.70539 10.78172 10.71905 10.62194 10.45540 10.20598 9.99402 9.70135 9.41264 8.96819 8.37185 7.95550 7.80966 7.88362 8.41309 8.96432 9.24544 9.38184 9.13007 8.67766 8.10347 7.46149 7.01158 6.64437 6.32555 6.04402 5.73413 5.48336 5.23534
12.38107 12.36669 12.59009 12.56427 12.43870 12.28024 12.26795 12.37179 12.35508 10.36350 10.38138 10.31529 10.31218 9.99685 9.97535 9.96327 10.28862 10.27493 10.75134 10.63895 11.16219 11.59850 11.57953 11.68693 12.00279 11.89459 11.74290 11.61413 11.16281 11.04860 10.94683 10.70961 10.79994 10.80754 10.73771 10.77036 10.66207 10.56516 10.38797 10.15597 9.90633 9.49956 9.05101 8.53603 7.85165 7.50716 7.81371 8.12205 8.70097 9.26817 9.14597 8.93478 8.66542 8.31011 7.98020 7.64387 7.32811 6.92356 6.51899 6.14105 5.78924 5.53251 5.30531
13.88874 12.42115 12.40680 12.61483 12.60236 12.43617 12.33524 12.21142 12.43897 11.23483 10.50642 10.52456 10.45926 10.21381 10.10293 10.14111 10.06346 10.38014 10.84826 10.80356 11.26572 11.18601 11.67764 11.58074 11.84387 11.95854 11.70919 11.64319 11.37775 11.04458 10.87778 10.81715 10.74766 10.66770 10.67884 10.70569 10.60345 10.47895 10.28679 10.02298 9.80867 9.24833 8.39956 7.94853 7.95190 7.98481 8.22762 8.52135 8.66457 8.83825 8.73725 8.57348 8.28826 7.89374 7.97620 8.12203 7.89271 7.52342 6.99460 6.34096 5.89991 5.68894 5.42890
13.96271 13.87734 12.43029 12.34976 12.62039 12.43218 12.46143 12.26062 12.25097 11.33415 11.35187 10.63955 10.66624 10.37601 10.35787 10.30155 10.29335 10.22108 10.98975 10.95681 11.47975 11.34613 11.36072 11.74182 11.67955 11.80761 11.76915 11.61753 11.38179 11.22961 10.87476 10.74393 10.68420 10.59699 10.55062 10.59559 10.51006 10.36363 10.13480 9.75266 9.31598 8.83086 8.28320 8.12736 8.45395 8.62403 8.54952 8.48104 8.33828 8.25402 8.20179 8.13984 8.14752 8.15277 8.26591 8.36909 8.22673 7.90833 7.36737 6.70748 6.27401 6.03668 5.71823
13.63760 14.09151 13.99976 12.51059 12.50087 12.60124 12.58912 12.54568 12.41807 11.15209 11.57379 11.51273 10.89138 10.80171 10.63576 10.65784 10.55352 10.55527 10.91536 11.18202 11.69003 11.63608 11.59364 11.51678 11.88700 11.75651 11.87311 11.68893 11.30831 11.13278 10.87148 10.69726 10.57974 10.44422 10.39774 10.46824 10.42882 10.16737 9.84369 9.38084 8.86335 8.66358 8.59925 8.64713 9.00464 9.09695 8.55500 8.19645 7.89661 7.70398 7.82622 7.85963 8.23107 8.60557 8.62369 8.54473 8.39239 8.12821 7.62396 7.02889 6.72340 6.61647 6.25176
14.74736 13.62517 14.07162 12.91420 12.52760 12.44210 12.63143 12.49961 12.58193 11.22797 11.25468 11.59599 11.61900 10.88616 10.89490 10.75794 10.75231 10.66378 11.10413 10.99290 11.76848 11.72136 11.87079 11.62434 11.77773 11.84031 11.63288 11.71277 11.30600 11.08612 10.80093 10.57263 10.37574 10.17414 10.07682 10.19861 10.39504 9.87054 9.07788 8.95022 9.04530 9.11282 9.28347 9.29935 9.07717 8.75060 8.20481 7.74811 7.60041 7.56501 7.87382 8.19100 8.47218 8.72285 8.80056 8.75548 8.55082 8.22802 7.82157 7.24818 7.12362 7.53924 7.20934
14.93305 14.78518 13.68122 13.04215 13.01310 12.54830 12.53555 12.60245 12.58969 11.60579 11.38799 11.46392 11.76050 11.63491 11.04427 11.15878 10.96239 10.97331 11.31089 11.29904 11.66589 11.89621 12.05794 11.99578 11.97254 11.84849 11.80565 11.59595 11.35629 11.09450 10.74198 10.43466 10.15495 9.79522 9.54502 9.54239 9.66515 9.45531 9.11736 9.17824 9.38313 9.49720 9.59372 9.43164 8.94983 8.44330 7.90099 7.55259 7.66516 7.89254 8.25335 8.57429 8.74535 8.84062 8.90287 8.89066 8.65769 8.33974 8.23406 8.31976 8.51420 8.75214 8.29287
13.88837 14.57415 14.40977 12.10616 12.76120 12.47545 12.30207 12.21290 12.33118 11.09788 11.45737 11.26804 11.29462 11.48894 11.49465 11.00753 11.02909 10.96654 11.33148 11.26845 11.69192 11.67122 12.04265 11.98705 11.95694 11.90966 11.85624 11.62538 11.33151 11.02337 10.70018 10.36339 9.96479 9.40923 8.87501 8.72515 8.58376 9.01781 9.60940 9.75577 9.77818 9.72552 9.53626 9.20072 8.73708 8.30219 7.90029 7.62536 8.10216 8.58194 8.79540 9.03247 9.04253 8.95202 8.97864 8.98247 8.68009 8.32191 8.48689 9.40420 9.83984 9.38494 8.95568
14.02842 13.86300 14.53169 12.57994 12.15656 12.56370 12.52128 12.27860 12.25511 11.18209 11.20532 11.57054 11.38182 11.39479 11.57206 11.67104 11.13269 11.17735 11.46219 11.46709 11.83417 11.81854 12.03546 12.14141 12.12467 12.00970 11.99895 11.74465 11.40216 11.02768 10.64293 10.32132 9.93809 9.13558 8.44151 8.25129 8.24777 8.75643 9.43444 9.85396 10.16263 9.96435 9.29698 8.84068 8.63294 8.43477 8.39165 8.49041 8.76066 9.08127 9.29301 9.40346 9.37735 9.29166 9.10716 8.86819 8.57480 8.26542 8.29534 8.52776 8.55263 8.23284 7.49808
13.14406 14.19944 14.02515 12.87259 12.83207 12.24926 12.78232 12.57513 12.46203 11.45106 11.43417 11.55249 11.80792 11.58997 11.60614 11.85063 11.88662 11.40675 11.84381 11.77057 12.19105 12.11480 12.22935 12.30527 12.33353 12.24061 12.12613 11.90868 11.51931 11.04838 10.51799 10.07386 9.63584 8.89756 8.32070 8.27299 8.36744 8.70957 9.11758 9.49879 9.91440 9.82303 9.29057 8.97113 8.88122 8.84189 9.03396 9.27427 9.46668 9.67315 9.79159 9.80234 9.68365 9.51873 9.23071 8.89352 8.64143 8.38537 8.23505 8.02549 7.76361 7.40720 6.69342
13.27897 13.15890 14.16624 11.88727 12.93650 12.57430 12.30887 12.66293 12.60990 11.53754 11.55052 11.62333 11.65154 11.87749 11.66309 11.90760 11.94127 12.00552 11.94518 11.99935 12.31978 12.35110 12.41500 12.42040 12.54273 12.48191 12.38841 12.17531 11.77412 11.14923 10.41208 9.71109 8.99900 8.73293 8.52046 8.63341 8.97121 8.83902 8.68262 8.88087 9.10142 9.29093 9.52813 9.61154 9.47300 9.45998 9.68805 9.91125 10.09251 10.30094 10.28907 10.22316 9.95278 9.65537 9.43414 9.14627 9.04552 8.92382 8.67579 8.41670 8.07982 7.59998 7.05948
12.83821 13.39539 13.26784 12.08736 12.06949 12.76502 12.71147 12.34113 12.75630 11.51433 11.68498 11.74526 11.75236 11.99605 11.97853 11.97749 12.02269 12.09825 12.35824 12.14673 12.47842 12.56192 12.64124 12.68036 12.71983 12.73231 12.69226 12.58820 12.22023 11.47376 10.59814 9.69126 8.92004 8.82295 8.91514 8.87045 8.91577 8.78833 8.63273 8.59251 8.57193 8.88564 9.45286 9.88730 10.24221 10.44406 10.32830 10.31882 10.59449 10.80995 10.72201 10.54795 10.27976 9.95819 9.93166 9.94316 9.87712 9.73391 9.27619 8.60312 8.10265 7.80796 7.34720
13.02588 13.19323 13.74216 12.37351 12.46167 12.25796 13.11551 12.89776 12.61074 11.86318 11.85651 11.98102 11.99238 12.21152 12.21948 12.15059 12.17870 12.26123 12.38703 12.47435 12.68538 12.77278 12.83899 12.91418 12.96543 12.96744 12.99959 13.02026 12.74434 12.00191 11.12498 10.22528 9.32046 9.07953 9.01374 8.73665 8.68047 8.60298 8.59692 8.62881 8.61589 8.95635 9.50468 10.04215 10.70921 11.12622 10.94569 10.84447 11.05290 11.20360 11.08746 10.97450 10.89014 10.70308 10.85740 10.96920 10.79282 10.46469 9.77122 8.80840 8.19440 7.99038 7.63390
13.16432 13.07804 13.21993 12.49386 12.47929 12.38347 12.35245 12.99861 12.92211 11.74056 11.93164 11.93024 12.02965 12.15063 12.21479 12.28950 12.20495 12.27353 12.53731 12.52490 12.74507 12.86454 13.00885 13.11890 13.19837 13.19879 13.28920 13.41068 13.23535 12.72868 11.96272 11.26167 10.58299 9.41141 8.43531 8.29010 8.30317 8.35905 8.50536 8.91096 9.44018 9.73166 9.83934 10.17860 10.74124 11.13570 11.47980 11.78259 11.50633 11.33021 11.54605 11.54096 11.89295 12.16911 12.13198 12.03867 11.55560 10.83610 10.01679 9.19035 8.60160 8.23640 7.86831
13.10529 13.02661 12.94065 11.69182 12.42695 12.15017 12.28551 12.18140 12.83755 11.64686 11.63317 11.83192 11.81324 11.97901 11.97630 12.09899 12.16945 12.19776 12.43763 12.56561 12.73922 12.88453 13.07004 13.29734 13.44683 13.58561 13.81310 14.02944 14.04606 13.73680 13.08625 12.14502 11.07516 9.81510 8.72481 8.17598 7.93300 8.22710 8.80168 9.42161 10.05549 10.41580 10.53282 10.71242 10.95400 11.21044 11.55642 11.86539 12.00685 12.20023 12.59099 12.87817 13.20554 13.41237 13.16568 12.70062 12.01769 11.16822 10.27380 9.43501 8.91638 8.72091 8.47835
13.81622 13.10401 13.02339 11.98068 11.78255 12.24270 12.21681 12.23271 12.16232 11.69950 11.65692 11.68995 11.80022 11.81001 11.92112 11.98527 12.06248 12.18216 12.42385 12.56365 12.74529 12.86959 13.04458 13.30742 13.46634 13.71081 14.14981 14.63868 14.92925 14.74194 14.15135 12.87358 11.51593 10.36337 9.33378 8.60743 8.01933 8.48302 9.25854 9.91177 10.58429 11.02376 11.25515 11.38027 11.37543 11.43252 11.59288 11.90905 12.69224 13.41304 14.08800 14.48198 14.52477 14.41722 13.81589 13.09983 12.30139 11.43025 10.53134 9.68247 9.26318 9.33335 9.23999
13.98798 13.91191 13.23363 12.19586 12.21980 11.87738 12.44107 12.24029 12.36333 11.61558 11.81225 11.67510 11.74162 11.84038 11.80541 11.95223 12.03649 12.18224 12.42012 12.58768 12.74164 12.77528 12.85813 12.94855 13.05989 13.21452 13.85602 14.99871 15.65469 15.40638 14.75948 13.58087 12.24839 11.16061 10.17130 9.61303 9.36837 9.36841 9.56540 10.23473 11.05550 11.52657 11.76961 11.91808 11.97056 12.05492 12.04597 12.35352 13.76315 14.98703 15.66722 16.15306 15.56085 14.72714 14.05755 13.37567 12.53931 11.62135 10.80867 10.15222 9.85389 9.94835 9.88544
12.75370 13.94813 13.87589 12.29966 12.34464 12.27993 12.07056 12.40918 12.32676 11.78055 11.69712 11.75935 11.65932 11.80386 11.74897 11.83057 11.94390 12.12051 12.39249 12.61870 12.71131 12.71478 12.67049 12.60437 12.68145 12.95837 13.70897 14.90273 15.70451 15.74372 15.31374 14.37149 13.26084 12.27632 11.41486 10.88376 10.62276 10.50921 10.56334 10.94212 11.42955 11.81821 12.15797 12.40799 12.56847 12.86627 13.32172 14.00505 15.23513 16.27268 16.72189 16.78862 16.08752 15.13150 14.28559 13.48377 12.73925 12.01111 11.30656 10.72513 10.47180 10.53672 10.45982
12.99362 13.10619 14.21889 13.14684 12.78223 12.74285 12.74886 12.70470 12.74637 12.39840 12.02142 11.95099 11.79572 11.77787 11.72206 11.76081 11.86877 12.05202 12.33568 12.67279 12.69776 12.68184 12.57689 12.39398 12.45948 12.84009 13.54757 14.52822 15.40110 15.84874 15.83244 15.17508 14.36535 13.54097 12.80588 12.20446 11.81052 11.73463 11.91867 12.01102 11.98773 12.20166 12.58101 12.97786 13.38593 13.98884 15.13000 16.17237 16.79870 17.39478 17.33899 16.91270 16.28997 15.50799 14.59099 13.65374 13.09754 12.62034 11.94888 11.29269 11.02648 11.11548 11.04825
12.14021 13.27995 13.41550 13.39975 13.48916 13.09658 13.12873 13.09604 13.00029 12.75440 12.55056 12.19671 11.95701 11.83360 11.67883 11.67958 11.74189 11.94184 12.15855 12.39230 12.56059 12.63234 12.60506 12.55327 12.48694 12.52210 13.08501 14.10360 15.06498 15.83841 16.13889 15.81637 15.31038 14.68915 14.10462 13.44804 12.95649 12.89897 13.08568 13.19961 13.26839 13.27747 13.15499 13.63190 14.89930 16.00436 16.85588 17.63663 18.00522 18.15198 17.87461 17.32468 16.52100 15.59793 14.98054 14.45418 13.91279 13.35187 12.59163 11.74919 11.43497 11.72908 11.72451
12.46898 12.65328 13.73696 13.63313 13.95732 13.97787 13.73431 13.70875 13.61195 13.14862 12.90371 12.51993 12.28330 11.89632 11.71485 11.60828 11.62971 11.76036 12.00917 12.28114 12.51466 12.65932 12.70369 12.68959 12.55347 12.44194 12.91606 13.94346 14.95076 15.77410 16.20609 16.17267 15.94729 15.52646 15.09104 14.51742 14.06583 14.01768 14.21397 14.42855 14.65074 14.80667 14.84448 15.38652 16.56882 17.53891 18.18345 18.71123 18.85891 18.78616 18.33403 17.68981 16.92935 16.12311 15.69397 15.36038 14.82436 14.13405 13.29089 12.40713 12.02609 12.23143 12.15999
12.63297 12.85378 13.09293 13.90599 14.11886 14.36237 14.49049 14.25928 14.19850 13.70285 13.47024 12.96511 12.51060 12.06621 11.73271 11.61637 11.54382 11.62381 12.01760 12.41881 12.66047 12.83195 12.90962 12.86684 12.71220 12.61866 13.06243 14.08032 15.10748 15.77125 16.08906 16.28142 16.28894 15.98389 15.77025 15.35971 15.07960 15.07217 15.28503 15.67879 16.06714 16.62557 17.39774 17.99610 18.25781 18.60700 19.14343 19.44187 19.43714 19.35141 18.78872 18.02740 17.63245 17.09168 16.73070 16.37162 15.78459 14.97197 14.07830 13.25185 12.75534 12.62210 12.40527
12.92084 13.17194 13.45492 13.75931 14.53728 14.47260 15.02904 14.90940 14.93102 14.61303 14.28770 13.68256 13.03035 12.40905 11.91899 11.57774 11.73421 12.00788 12.32996 12.66405 13.00812 13.24396 13.35026 13.32567 13.09291 12.86525 13.23714 14.24359 15.26727 16.05634 16.46527 16.25992 15.99413 16.08790 16.17460 15.94121 15.80081 15.97172 16.41687 17.05682 17.80639 18.58847 19.39366 19.94885 20.15806 20.22619 20.07532 19.89120 19.84779 19.66989 19.43835 19.02083 18.73902 18.37471 17.94474 17.37356 16.79684 16.14239 15.09917 13.91071 13.22644 13.04423 12.78321
12.98111 13.28236 13.62852 13.93013 14.33941 14.80815 15.21353 15.39625 15.61379 15.51018 15.26182 14.71345 13.99529 13.26631 12.77839 12.33857 12.51355 12.73707 13.04876 13.37604 13.76971 14.01995 14.07690 13.96930 13.63106 13.27569 13.54444 14.48010 15.44991 16.23822 16.66659 16.28649 15.90297 16.10913 16.32468 16.21675 16.26864 16.69371 17.43740 18.35991 19.37618 20.26660 20.99993 21.53697 21.82145 21.75871 21.18679 20.67889 20.59164 20.37778 20.44780 20.33452 20.02244 19.71224 19.24271 18.57891 17.91295 17.11775 15.87968 14.48736 13.72610 13.58747 13.35252
