doc/论文图与数据/探测数据/北二/490m/20220312111607_df_测线00002/cq.grd
DSAA
101 11
0.000000 69.750000
-3.487500 3.487500
45.985832 214.799454

   99.56057    73.61691    54.37806    83.04568   107.55796   113.25047   111.13150   103.62930 
   96.78247    95.22908   102.91656   108.45995   103.48407    98.93323   103.93899   108.01102 
  101.67429    90.40997    85.84728    92.81244    97.80856    89.44328    81.06248    86.58600 
   93.12269   103.63254   115.66721   114.11703   101.52460    93.33222    92.66691    91.46805 
   88.29830    85.24908    84.06841    82.90103    98.25655   116.29568   125.73392   131.91493 
  126.61814   109.68309    97.37872    93.84583    91.61095    95.57783    99.42134    95.73017 
   92.03826    94.88832    98.81733    99.55696    98.97919    98.69807    98.57689    99.21706 
  101.20351   103.59522   107.25035   110.27525   103.07494    95.87396    90.69678    85.82220 
   92.60970   103.44154   102.66121    93.56322    93.91622   106.53486   116.78848   121.04428 
  122.06282   101.32085    80.57757    84.65192    89.41238    92.87291    96.02673    99.20107 
  102.38123   102.49969    99.75080    98.71236   100.75920   102.58267   103.18607    92.96507 
   87.26540    81.56564    75.47559    69.28515    96.84242   148.14781   160.20198   144.23105 
  202.35397   106.83675    52.82771   106.43142    99.82838   117.56543    89.89574    61.40820 
   69.27417    99.65736   113.26310   111.18927   106.60392    99.53262    92.40862    99.93091 
  107.92670   105.38950   100.70438   102.27768   106.46240   104.66864    93.24711    84.25777 
   91.29642    98.34756    91.05242    82.60806    85.37804    91.96061   101.62957   113.73430 
  116.06209   103.40627    93.43299    92.76443    91.91972    88.73644    85.55175    84.20827 
   83.03735    96.04842   114.14512   125.15501   131.34750   128.38876   111.41375    97.71854 
   94.17860    91.23709    95.21156    99.18657    96.06360    92.36517    94.54416    98.47969 
   99.61958    99.04044    98.70293    98.58176    99.07074   101.05956   103.31438   106.97421 
  110.63429   103.56994    96.36156    91.04426    86.16431    91.91890   102.76032   103.23030 
   94.12451    93.09108   105.72146   116.51321   120.77293   123.34758   102.58820    81.82803 
   84.37305    89.13708    92.68894    95.84509    99.01915   102.20158   102.66534    99.91431 
   98.61148   100.65942   102.53644   103.14050   103.74464    87.56489    81.86163    75.77591 
   69.58231    94.35761   145.68954   160.94589   144.96756   206.83272   111.26842    50.36548 
  103.99443    99.82838   142.86426   103.25862    73.44873    58.17274    89.48676   113.22416 
  111.20042   109.20334   101.73214    94.42661    97.54729   105.71620   106.90969   102.11278 
  100.95595   105.23367   107.02911    95.48045    83.91397    90.10646    97.21119    92.31285 
   83.81805    84.43245    91.05135   100.06314   112.22325   117.58203   104.87622    93.51173 
   92.84061    92.16928    89.07848    85.88375    84.31735    83.14365    94.32595   112.46784 
  124.70404   130.90549   129.76888   112.76260    97.98331    94.43788    90.94579    94.92621 
   98.90692    96.32334    92.61983    94.27608    98.21668    99.66840    99.08815    98.70673 
   98.58555    98.95683   100.94746   103.09569   106.75917   110.42281   103.95532    96.74117 
   91.31483    86.43064    91.38116   102.23007   103.67323    94.56136    92.44876   105.08826 
  116.29900   120.56177   124.34765   103.57475    82.80132    84.15600    88.92283    92.54573 
   95.70373    98.87756   102.06176   102.79427   100.04156    98.53299   100.58177   102.50041 
  103.10501   103.70966    87.79792    82.09203    76.00961    69.81347    92.42432   143.77625 
  161.52478   145.54036   210.31758   114.71771    48.44983   102.09815    99.82838   133.43785 
  113.23749    82.36357    51.14035    82.04616   114.17952   111.18683   109.22302   103.33828 
   95.90793    95.80931   104.10927   108.01730   103.13625    99.99513   104.34241   108.69728 
   97.09047    85.44018    89.25052    96.39432    93.21800    84.68659    83.75372    90.39894 
   98.93961   111.13976   118.67157   105.92970    93.56815    92.89520    92.22215    89.32346 
   86.12152    84.39543    83.21973    93.09289   111.26727   124.38152   130.58940   130.75632 
  113.72762    98.17271    94.62332    91.07381    94.72211    98.70694    96.50907    92.80194 
   94.08436    98.02864    99.70332    99.12228    98.70943    98.58824    98.87540   100.86733 
  102.93936   106.60546   110.27162   104.23077    97.01247    91.50822    86.62103    90.99683 
  101.85104   103.98982    94.87361    91.98962   104.63573   116.14587   120.41081   124.67577 
  104.27977    83.49694    84.00089    88.76971    92.44341    95.60271    98.77639   101.96185 
  102.88644   100.13250    98.47688   100.52626   102.47470   103.07969   103.68469    87.96451 
   82.25661    76.17657    69.97869    91.04250   142.40967   161.93832   145.94975   212.80751 
  117.18149    47.08133   100.74316    99.82838   127.53235   119.02902    87.84999    56.23163 
   77.50719   110.02048   111.16883   109.22819   104.31683    96.80829    94.75156   103.13338 
  108.69098   103.75760    99.41167   103.80202   108.19427    98.06255    86.36103    88.73453 
   95.90210    93.76305    85.20946    83.34515    90.00629    98.26360   110.48801   119.32686 
  106.56319    93.79903    92.92802    92.25392    89.47072    86.26442    84.44234    83.26544 
   92.35197   110.54593   124.18788   130.39957   131.34943   114.30722    98.28644    94.73469 
   91.18288    94.59957    98.58684    96.62064    92.91129    93.96925    97.91573    99.72429 
   99.14280    98.71103    98.58986    98.82652   100.81924   102.84549   106.51318   110.18087 
  104.39611    97.17534    91.62430    86.73531    90.76611   101.62362   104.17981    95.06102 
   91.71404   104.36409   116.05396   120.32017   124.58640   104.70292    83.91440    83.90779 
   88.67780    92.38199    95.54208    98.71566   101.90189   102.94173   100.18707    98.44323 
  100.49297   102.45924   103.06448   103.66969    88.06436    82.35544    76.27677    70.07783 
   90.21359   141.58917   162.18651   146.19531   214.30147   118.66080    46.26000    99.93005 
   99.82838   125.51792   151.66585    89.70306    57.89249    75.98132   108.62419   111.16107 
  109.22873   104.64558    97.11038    94.39642   102.80608   108.91711   103.96596    99.21600 
  103.62092   108.02584    98.38758    86.66885    88.56213    95.73767    93.94508    85.38404 
   83.20873    89.87522    98.03796   110.27045   119.54553   106.77460    94.00365    92.93898 
   92.26453    89.51986    86.31210    84.45798    83.28068    92.10484   110.30530   124.12329 
  130.33629   131.54718   114.50049    98.32438    94.77181    91.21926    94.55871    98.54680 
   96.65781    92.94776    93.93085    97.87806    99.73128    99.14964    98.71158    98.59039 
   98.81021   100.80320   102.81420   106.48240   110.15061   104.45125    97.22962    91.66301 
   86.77340    90.68921   101.54773   104.24317    95.12352    91.62216   104.27350   116.02331 
  120.28996   124.55661   104.84397    84.05366    83.87675    88.64716    92.36151    95.52185 
   98.69542   101.88190   102.96017   100.20527    98.43201   100.48188   102.45409   103.05939 
  103.66469    88.09776    82.38836    76.31017    70.11091    89.93701   141.31596   162.26917 
  146.27731   214.79945   119.15356    45.98583    99.65882    99.82838   127.53235   119.02902 
   87.84999    56.23163    77.50719   110.02048   111.16883   109.22819   104.31683    96.80829 
   94.75156   103.13338   108.69098   103.75760    99.41167   103.80202   108.19427    98.06255 
   86.36103    88.73453    95.90210    93.76305    85.20946    83.34515    90.00629    98.26360 
  110.48801   119.32686   106.56319    93.79903    92.92802    92.25392    89.47072    86.26442 
   84.44234    83.26544    92.35197   110.54593   124.18788   130.39957   131.34943   114.30722 
   98.28644    94.73469    91.18288    94.59957    98.58684    96.62064    92.91129    93.96925 
   97.91573    99.72429    99.14280    98.71103    98.58986    98.82652   100.81923   102.84549 
  106.51318   110.18087   104.39611    97.17534    91.62430    86.73531    90.76611   101.62362 
  104.17981    95.06102    91.71404   104.36409   116.05396   120.32017   124.58640   104.70292 
   83.91440    83.90779    88.67780    92.38199    95.54208    98.71566   101.90189   102.94173 
  100.18707    98.44323   100.49297   102.45924   103.06448   103.66969    88.06436    82.35544 
   76.27677    70.07783    90.21359   141.58917   162.18651   146.19531   214.30147   118.66080 
   46.26000    99.93005    99.82838   133.43785   113.23749    82.36357    51.14035    82.04616 
  114.17952   111.18683   109.22302   103.33828    95.90793    95.80931   104.10927   108.01730 
  103.13625    99.99513   104.34241   108.69728    97.09047    85.44018    89.25052    96.39432 
   93.21800    84.68659    83.75372    90.39894    98.93961   111.13976   118.67157   105.92970 
   93.56815    92.89520    92.22215    89.32346    86.12152    84.39543    83.21973    93.09289 
  111.26727   124.38152   130.58940   130.75632   113.72762    98.17271    94.62332    91.07381 
   94.72211    98.70694    96.50907    92.80194    94.08436    98.02864    99.70332    99.12228 
   98.70943    98.58824    98.87540   100.86733   102.93936   106.60546   110.27162   104.23077 
   97.01247    91.50822    86.62103    90.99683   101.85104   103.98982    94.87361    91.98962 
  104.63573   116.14587   120.41081   124.67577   104.27977    83.49694    84.00089    88.76971 
   92.44341    95.60271    98.77639   101.96185   102.88644   100.13250    98.47688   100.52626 
  102.47470   103.07969   103.68469    87.96451    82.25661    76.17657    69.97869    91.04250 
  142.40967   161.93832   145.94975   212.80751   117.18149    47.08133   100.74316    99.82838 
  142.86426   103.25862    73.44876    58.17274    89.48676   113.22416   111.20042   109.20334 
  101.73214    94.42661    97.54729   105.71620   106.90969   102.11279   100.95595   105.23367 
  107.02911    95.48045    83.91397    90.10646    97.21119    92.31285    83.81805    84.43245 
   91.05135   100.06314   112.22325   117.58203   104.87622    93.51173    92.84061    92.16928 
   89.07848    85.88375    84.31735    83.14365    94.32595   112.46784   124.70404   130.90549 
  129.76888   112.76260    97.98331    94.43788    90.94579    94.92621    98.90692    96.32334 
   92.61983    94.27608    98.21668    99.66840    99.08815    98.70673    98.58555    98.95683 
  100.94746   103.09569   106.75917   110.42281   103.95532    96.74117    91.31483    86.43064 
   91.38116   102.23007   103.67323    94.56136    92.44876   105.08826   116.29900   120.56177 
  124.34765   103.57475    82.80132    84.15600    88.92283    92.54573    95.70373    98.87756 
  102.06176   102.79427   100.04156    98.53299   100.58177   102.50041   103.10501   103.70966 
   87.79792    82.09203    76.00961    69.81347    92.42432   143.77625   161.52478   145.54036 
  210.31758   114.71771    48.44983   102.09815    99.82838   117.56545    89.89574    61.40820 
   69.27417    99.65736   113.26310   111.18928   106.60392    99.53262    92.40862    99.93091 
  107.92670   105.38950   100.70438   102.27768   106.46240   104.66864    93.24711    84.25777 
   91.29642    98.34756    91.05242    82.60806    85.37804    91.96061   101.62957   113.73430 
  116.06209   103.40627    93.43299    92.76443    91.91972    88.73644    85.55175    84.20827 
   83.03735    96.04842   114.14512   125.15501   131.34750   128.38876   111.41375    97.71854 
   94.17860    91.23709    95.21156    99.18657    96.06360    92.36517    94.54416    98.47969 
   99.61958    99.04044    98.70293    98.58176    99.07074   101.05956   103.31438   106.97421 
  110.63429   103.56994    96.36156    91.04426    86.16431    91.91890   102.76032   103.23030 
   94.12451    93.09108   105.72146   116.51321   120.77293   123.34758   102.58820    81.82803 
   84.37305    89.13708    92.68894    95.84509    99.01915   102.20158   102.66534    99.91431 
   98.61148   100.65942   102.53644   103.14050   103.74464    87.56489    81.86163    75.77591 
   69.58231    94.35761   145.68954   160.94589   144.96756   206.83272   111.26842    50.36548 
  103.99443    99.82838    99.56057    73.61691    54.37806    83.04565   107.55796   113.25047 
  111.13150   103.62930    96.78248    95.22908   102.91656   108.45995   103.48407    98.93323 
  103.93899   108.01102   101.67429    90.40997    85.84728    92.81244    97.80856    89.44328 
   81.06248    86.58600    93.12269   103.63254   115.66721   114.11703   101.52460    93.33222 
   92.66691    91.46805    88.29830    85.24908    84.06841    82.90103    98.25655   116.29568 
  125.73392   131.91493   126.61814   109.68309    97.37872    93.84583    91.61095    95.57783 
   99.42134    95.73017    92.03826    94.88832    98.81733    99.55696    98.97919    98.69807 
   98.57689    99.21706   101.20351   103.59522   107.25035   110.27525   103.07494    95.87396 
   90.69678    85.82220    92.60970   103.44154   102.66121    93.56322    93.91622   106.53486 
  116.78848   121.04428   122.06282   101.32085    80.57757    84.65192    89.41238    92.87291 
   96.02673    99.20107   102.38123   102.49969    99.75080    98.71236   100.75920   102.58267 
  103.18607    92.96507    87.26540    81.56564    75.47559    69.28515    96.84242   148.14781 
  160.20198   144.23105   202.35397   106.83675    52.82771   106.43142    99.82838 